10000
223
316
368
660
764
770
918
1140
1271
1354
1365
1467
1678
1709
1897
1907
1994
2017
2074
2140
2179
2185
2245
2251
2345
2366
2568
2876
3075
3085
3160
3276
3277
3383
3592
3613
3722
3741
3772
3853
3969
4001
4068
4362
4399
4448
4542
4560
4574
4600
4668
4947
4981
5096
5290
5521
5659
5750
5816
5825
5981
6248
6422
6443
6559
6595
6630
6781
6817
6852
7055
7252
7625
7803
7826
7978
8061
8286
8293
8334
8443
8496
8534
8782
8932
8964
8976
9027
9079
9147
9252
9306
9328
9356
9422
9548
9678
9792
9843
9919
9925
9927
9929
9988
10025
10118
10127
10179
10455
10641
10824
10945
10973
11092
11260
11273
11411
11435
11450
11469
11485
11493
11514
11552
11690
12112
12225
12226
12230
12343
12502
12526
12662
12706
12804
12816
12909
12931
12955
13042
13047
13087
13261
13333
13337
13361
13368
13641
13814
13858
13889
14088
14091
14096
14158
14288
14306
14310
14323
14339
14471
14607
14610
14616
14876
14916
14932
14994
15020
15076
15102
15245
15497
15660
15784
15841
16200
16232
16288
16298
16337
16467
16498
16614
16649
16673
16791
17175
17237
17422
17620
17692
17850
18031
18140
18172
18231
18471
18511
18517
18518
18575
18617
18619
18720
18749
18782
18989
19026
19034
19413
19426
19497
19590
19615
20022
20498
20540
20678
20825
20844
20892
20986
21182
21224
21302
21357
21512
21520
21586
21615
21897
21904
21991
22005
22197
22353
22376
22809
22844
23171
23199
23262
23316
23417
23486
23617
23684
23685
23737
23827
23830
23921
24096
24121
24202
24377
24412
24556
24587
24771
24864
24892
24971
25155
25155
25198
25316
25393
25438
25445
25491
25518
25576
25648
25683
25709
25779
25888
25903
25918
26062
26192
26197
26200
26306
26361
26432
26480
26557
26762
26805
26821
27003
27064
27084
27181
27228
27377
27534
27607
27769
27967
28011
28196
28237
28422
28493
28649
28691
28802
28839
28939
29074
29461
29513
29819
29832
29886
30035
30056
30135
30418
30490
30501
30750
30785
30910
31105
31135
31177
31191
31234
31247
31250
31448
31471
31540
31596
31844
31996
32171
32183
32215
32319
32446
32519
32648
32667
32764
32917
33046
33082
33130
33164
33316
33337
33359
33430
33595
33611
33637
33751
33757
33772
33814
33905
34024
34246
34256
34307
34404
34424
34473
34648
34694
34759
34858
35204
35450
35633
35722
35736
35804
35934
35942
36029
36138
36229
36292
36700
36709
36808
36853
36890
36929
36981
36998
37105
37206
37354
37387
37437
37440
37456
37470
37487
37557
37561
37586
37620
37621
37662
37694
37696
37799
38021
38197
38218
38371
38791
39064
39070
39072
39135
39198
39213
39305
39434
39542
39717
39739
39746
39804
39878
39908
40104
40334
40499
40572
40596
40636
41054
41147
41390
41399
41454
41583
41592
41683
41771
41798
41897
42261
42387
42390
42795
42817
42832
42871
42874
43069
43121
43360
43386
43448
43478
43498
43558
43610
43663
43664
43683
43714
43908
43942
43996
44072
44106
44228
44285
44387
44604
44646
44675
44834
44850
44871
44982
45003
45026
45165
45262
45275
45296
45393
45518
45750
45980
46095
46243
46458
46706
46763
46791
46900
46967
47112
47574
47605
47616
47678
48062
48098
48126
48164
48177
48210
48283
48316
48392
48943
48965
48966
49106
49219
49261
49514
49525
49656
49664
49785
49919
49943
50091
50101
50244
50302
50325
50360
50556
50701
50771
50848
50869
51076
51167
51663
51805
51851
52037
52054
52149
52299
52706
52827
52920
52954
53116
53194
53321
53345
53393
53420
53685
54356
54415
54589
54604
54625
54808
54996
55034
55063
55122
55144
55579
55726
55744
55829
55896
55920
55960
55963
56145
56153
56173
56258
56479
56606
56782
56846
57008
57111
57481
57510
57703
57738
57741
57881
57888
57968
57977
58038
58072
58086
58131
58158
58260
58391
58467
58478
58688
58857
58892
59033
59116
59182
59292
59327
59330
59443
59623
59631
59651
59805
59981
59989
60101
60109
60138
60206
60216
60466
60518
61171
61360
61443
61455
61979
62086
62238
62453
62460
62568
62784
62900
62964
63009
63306
63408
63455
63477
63721
63913
64144
64184
64376
64389
64438
64508
64529
64885
64921
65011
65017
65033
65281
65324
65492
65536
65538
65543
65588
65693
65728
65733
65734
65778
65840
66234
66337
66448
66449
66523
66893
66936
66983
67134
67218
67269
67378
67586
67711
67897
67988
68107
68132
68163
68186
68805
68970
68981
69044
69095
69106
69112
69138
69416
69429
69627
69883
70030
70170
70304
70339
70431
70451
70521
70649
70813
70889
70920
70958
70993
71032
71209
71217
71396
71428
71635
72263
72289
72370
72379
72429
72538
72609
72715
72765
72943
72986
73039
73122
73186
73202
73234
73324
73373
73521
73762
73792
73858
73992
74037
74501
74629
74879
74962
75215
75345
75351
75485
75498
75564
75785
75832
75898
76072
76111
76269
76336
76434
76492
76505
76518
76674
76934
76988
77099
77329
77344
77354
77383
77735
77768
77958
77973
78000
78325
78418
78559
78561
78603
78645
78678
78881
79040
79179
79204
79282
79432
79648
79689
79745
79776
80064
80233
80338
80366
80515
80650
80745
81061
81256
81369
81404
81552
81565
81612
81909
81950
82016
82057
82098
82104
82112
82194
82406
82616
82718
82767
82769
82992
83075
83188
83201
83368
83441
83669
83670
83925
84018
84075
84085
84227
84277
84350
84418
84498
84537
84596
84914
84982
85131
85203
85471
85488
85493
85563
85655
85706
85831
85951
86109
86245
86459
86468
86566
86597
86810
86995
87249
87511
87614
87883
87892
87997
88036
88174
88322
88364
88637
88766
88812
88823
88824
89465
89522
89544
89558
89602
89662
89757
89786
89918
90236
90397
90431
90434
90504
90583
90640
90938
91084
91138
91256
91427
91448
91475
91507
91841
91855
91894
91931
92220
92243
92588
92730
92814
92842
92863
92882
93014
93165
93289
93500
93650
93991
94074
94224
94468
94679
94790
94790
94906
94972
95011
95142
95231
95285
95543
95546
95683
95720
95952
95976
96088
96488
96502
96567
96630
96846
96968
97011
97087
97330
97467
97557
97576
97713
97786
97963
98053
98166
98204
98294
98314
98378
98416
98606
98610
98623
98641
98762
98768
98784
98911
98915
99028
99188
99190
99222
99346
99390
99417
99644
99822
99887
100049
100053
100257
100277
100288
100413
100530
100606
100718
100795
100849
101099
101132
101167
101241
101282
101293
101310
101313
101459
101462
101539
101676
101766
101938
102137
102183
102264
102321
102329
102411
102437
102484
102487
102735
102791
102823
102830
102892
102908
102933
102978
102983
103028
103052
103082
103117
103547
103693
103857
103986
104011
104158
104251
104302
104341
104488
104596
104775
104905
105021
105044
105183
105556
105562
105783
105917
106037
106193
106342
106413
106761
106778
107176
107271
107322
107406
107626
107632
107782
107796
107821
107859
107912
107936
108030
108342
108419
108975
108980
109185
109234
109309
109438
109564
109607
109618
109744
110016
110117
110245
110291
110399
110547
110562
110712
110745
110772
110927
110953
110965
111005
111093
111214
111218
111219
111262
111282
111293
111300
111314
111448
111531
111595
111733
111752
111753
111762
111794
111799
111938
112019
112027
112152
112412
112425
112523
112587
112904
113123
113136
113170
113206
113338
113393
113486
113575
113596
113742
113751
113880
113906
113942
114050
114066
114110
114201
114361
114466
114552
114720
114737
114842
114873
114893
115072
115106
115116
115320
115416
115463
115484
115565
115575
115675
115839
115956
116022
116132
116166
116339
116506
116546
116640
116684
116826
116858
116935
117119
117145
117412
117415
117482
117543
117645
117666
117690
117729
117756
117894
117974
118108
118118
118226
118319
118414
118444
118450
118557
118720
118769
119123
119128
119168
119190
119289
119591
119784
119901
120759
120852
120916
120950
120987
121095
121198
121239
121251
121382
121399
121401
121556
121855
121979
122086
122099
122128
122342
122410
122447
122454
122473
122479
122635
122719
122725
123113
123177
123248
123671
123687
123759
123761
123803
123807
123856
123996
124046
124063
124065
124068
124139
124153
124174
124188
124341
124505
124601
124739
124813
124836
125030
125076
125207
125217
125244
125429
125442
125483
125585
125588
125863
125924
126110
126170
126358
126412
126430
126441
126524
126610
126638
126823
126920
127067
127157
127211
127257
127315
127377
127538
127682
127833
127950
128156
128230
128231
128351
128389
128443
128460
128482
128486
128562
128587
128709
128710
128755
128798
128887
129245
129300
129320
129462
129509
129628
129628
129769
130043
130099
130100
130107
130117
130264
130269
130459
130508
130608
130622
130646
130748
130760
130921
131000
131035
131078
131082
131146
131358
131581
131720
131862
131970
132172
132341
132486
132487
132499
132584
132599
132630
132763
132869
132889
132916
132923
132929
132979
133086
133108
133222
133418
133465
133663
133776
133852
134001
134082
134124
134177
134579
134672
134679
134992
135269
135355
135401
135645
136034
136197
136209
136325
136471
136640
136656
136798
136884
136933
137024
137118
137222
137407
137555
137569
137585
137666
137689
137710
138026
138036
138071
138336
138546
138631
138672
138674
138829
138866
138897
138936
138950
139141
139212
139238
139274
139289
139443
139547
139707
140167
140306
140462
140671
140701
140705
141239
141449
141648
141881
141940
142005
142255
142266
142570
142647
142687
142813
142823
142866
142896
143006
143115
143175
143185
143199
143588
143630
143984
144051
144212
144432
144449
144515
144688
144755
144780
144823
144847
144847
145070
145132
145167
145261
145608
145757
145809
145816
145877
145973
146215
146327
146384
146439
146440
146680
146721
146727
146771
146916
147239
147256
147506
147662
147679
147687
147694
147868
148026
148301
148407
148451
148453
148557
148631
148646
148693
148899
148971
148974
149126
149183
149243
149243
149296
149302
149335
149362
149467
149504
149542
149557
149567
149624
149834
149869
149899
149936
149967
149994
150031
150054
150157
150336
150645
150812
150822
150863
150885
150908
151415
151981
152133
152143
152181
152197
152249
152250
152292
152416
152561
152593
152599
152620
152660
152747
152949
153101
153110
153146
153331
153385
153555
153587
153770
153905
154140
154233
154256
154279
154280
154346
154385
154415
154475
154611
154646
154679
154693
154744
154745
154773
154963
155000
155204
155230
155369
155505
155615
155642
155739
155904
156131
156301
156400
156634
156639
156706
156767
156879
156889
157033
157036
157109
157134
157238
157242
157409
157492
157729
157743
157937
158007
158121
158224
158246
158291
158299
158462
158464
158479
158518
158657
158994
159017
159109
159176
159553
159614
159664
159665
159861
159926
159957
160111
160157
160346
160444
160554
160581
160598
160756
160878
160918
160932
160980
161247
161308
161372
161572
161846
161944
161983
162031
162035
162083
162107
162326
162389
162426
162640
162670
162686
162899
163020
163022
163123
163164
163226
163228
163268
163522
163587
163594
163595
163618
163713
163741
163747
163809
163834
163958
164056
164213
164392
164547
164663
164668
164692
164711
164737
164758
164800
164824
164845
165011
165033
165162
165214
165260
165310
165403
165503
165554
165620
165635
166012
166165
166181
166214
166302
166353
166498
166556
166573
166828
166843
166851
166924
167128
167158
167186
167306
167549
167569
167589
167589
167829
167859
167988
168014
168089
168197
168253
168261
168279
168576
168588
168603
168613
168810
168853
169048
169344
169482
169671
169779
169898
170208
170294
170445
170705
170798
171049
171143
171235
171447
171480
171539
171807
171840
171861
172019
172109
172239
172438
172479
172553
172690
172722
172783
172857
172950
173119
173180
173305
173375
173498
173525
173648
173726
173864
173880
173929
173936
173964
173997
174020
174140
174346
174468
174757
174944
174944
174953
174963
175025
175094
175166
175220
175389
175507
175648
175666
175676
175750
175769
175988
176025
176160
176199
176334
176622
176891
176944
177007
177116
177128
177155
177311
177397
177401
177439
177510
177847
177848
178038
178144
178423
178433
178446
178564
178660
178683
178830
178832
179044
179438
179478
179566
179653
179702
179791
179899
179899
179940
180051
180103
180286
180306
180334
180344
180360
180431
180793
180954
181028
181118
181412
181490
181657
181664
181844
181902
182053
182055
182083
182156
182226
182365
182459
182464
182816
182909
182978
183129
183436
183457
183480
183515
183674
183784
183800
183993
184099
184142
184267
184332
184399
184448
184523
184544
184562
184702
184733
184764
184800
184897
184913
185074
185284
185347
185451
185502
185684
185871
186020
186122
186134
186233
186512
186516
186595
186751
187076
187131
187300
187634
187732
187753
187757
187788
187940
188159
188374
188707
188815
188816
189048
189055
189192
189238
189246
189288
189302
189388
189420
189532
189594
190035
190471
190666
190685
191127
191293
191337
191386
191399
191878
192258
192485
192621
192624
192631
192917
193064
193205
193216
193270
193410
193412
193557
193575
193719
193871
194098
194237
194480
194600
194625
194780
194798
194968
195051
195173
195237
195260
195491
195663
195694
195852
195898
195902
195911
196002
196025
196264
196272
196312
196620
196853
196916
197041
197106
197121
197156
197186
197225
197232
197233
197274
197385
197541
197681
197701
197742
197757
197812
197868
197879
197921
198143
198147
198196
198584
198646
198807
198854
198966
199102
199107
199219
199241
199254
199279
199497
199600
199755
199820
200202
200220
200235
200429
200530
200566
200589
200683
200817
201006
201077
201617
201659
201682
201730
201790
201828
201860
202015
202142
202242
202312
202322
202329
202386
202438
202492
202600
202601
202606
202610
202627
202736
202835
202847
202938
203124
203261
203306
203397
203412
203496
203678
203736
204156
204184
204239
204410
204559
204678
204699
204700
204767
204793
204887
205026
205055
205094
205109
205229
205467
205469
205547
205568
205758
205947
206041
206277
206491
206522
206849
206948
207151
207258
207756
207877
207931
207965
208049
208091
208254
208351
208353
208453
208586
208610
208813
208898
208983
209081
209139
209209
209265
209346
209367
209367
209395
209495
209806
209815
209829
209871
209928
209946
209962
209965
210050
210228
210343
210362
210413
210583
210657
210816
210863
210901
210932
211329
211355
211411
211475
211561
211782
212033
212186
212210
212310
212512
212513
212546
212651
213042
213095
213137
213206
213237
213337
213535
213799
213894
213911
214123
214174
214252
214438
214475
214497
214551
214555
214658
214686
214723
215041
215108
215276
215327
215439
215863
215885
216014
216053
216077
216089
216261
216476
216533
216582
216726
216801
216893
216907
217087
217366
217532
217545
217826
217852
217932
218130
218253
218266
218346
218401
218602
218645
218676
218785
218791
218813
218831
218952
219037
219045
219064
219066
219088
219154
219175
219207
219445
219573
219656
219688
219712
219889
219903
220063
220216
220320
220390
220745
220764
220800
220866
221009
221045
221069
221098
221638
221681
221871
221895
221975
222078
222078
222088
222523
222532
222582
222667
222878
223152
223220
223225
223400
223447
223499
223734
223746
223941
223985
224013
224090
224141
224276
224301
224488
224723
224760
224915
225007
225034
225231
225247
225263
225329
225390
225390
225421
225501
225543
225559
225585
225667
225729
225801
225825
225843
225962
226139
226173
226269
226464
226695
226741
226758
226833
226851
226876
226916
226945
227129
227335
227346
227550
227593
227643
227918
228242
228291
228333
228346
228542
228588
228600
228740
228905
228907
229113
229192
229450
229514
229535
229682
229791
229794
230112
230184
230304
230574
230752
230886
231176
231299
231341
231346
231560
231563
231643
231652
231789
231943
231988
232016
232198
232342
232426
232461
232468
232469
232620
232666
232670
232763
233046
233173
233195
233209
233523
233712
233886
234150
234152
234336
234387
234394
234471
234554
234660
234948
235047
235061
235102
235103
235166
235335
235350
235539
235567
235634
235748
235933
236044
236121
236345
236358
236375
236416
236631
236749
236805
236847
236849
237050
237193
237476
237486
237522
237540
237614
237713
237799
238011
238033
238046
238125
238151
238320
238433
238659
238712
239032
239101
239101
239387
239479
239545
239649
239883
239942
240042
240124
240173
240238
240248
240332
240387
240405
240573
240614
240692
240788
240828
241058
241080
241116
241137
241175
241364
241416
241432
241472
241519
241575
241639
241851
241915
242046
242075
242130
242136
242239
242256
242489
242680
242915
243016
243044
243143
243176
243344
243364
243583
243645
243651
243694
243719
243725
243857
243885
244207
244331
244526
244557
244622
244817
244855
244957
245030
245075
245174
245199
245250
245306
245831
245865
246002
246007
246037
246188
246255
246300
246336
246405
246420
246470
246520
246520
246585
246597
246687
246848
246963
247024
247045
247098
247362
247375
247439
247593
247755
247778
248035
248044
248053
248065
248069
248264
248270
248498
248539
248585
248603
248806
248930
248958
248969
249022
249218
249353
249445
249457
249567
249683
249713
249745
249899
249981
250011
250021
250055
250068
250081
250164
250192
250324
250347
250407
250650
250653
250748
250921
250941
251057
251073
251167
251200
251215
251286
251443
251539
251691
251718
251720
251810
251915
252011
252087
252644
252801
252804
252832
252859
253044
253109
253441
253465
253870
254000
254113
254287
254457
254547
254548
254684
254717
254840
254874
254953
255011
255059
255172
255290
255434
255461
255576
255942
256084
256162
256344
256505
256591
256674
256854
257194
257265
257269
257273
257338
257522
257539
257632
257700
257705
257792
257940
258079
258159
258181
258353
258375
258395
258792
258812
258961
259061
259079
259165
259170
259329
259654
259688
259780
259998
260224
260464
260517
260525
260543
260547
260691
260693
260698
260733
260749
260827
260980
261037
261337
261736
261852
261890
261929
262015
262167
262302
262512
262542
262665
262666
262730
262753
262791
263040
263040
263182
263295
263329
263439
263542
263567
263623
263829
263861
263868
264374
264491
264583
264587
264702
264788
264806
264820
264863
264965
264973
265093
265172
265434
265468
265479
265553
265734
265770
266015
266129
266340
266372
266429
266449
266507
266931
266958
266984
267025
267082
267132
267363
267439
267575
267653
267690
268013
268058
268070
268141
268159
268238
268329
268472
268657
268657
268680
268703
268956
269000
269041
269355
269357
269397
269472
269603
269988
270006
270078
270093
270174
270245
270539
270626
270686
270875
271039
271132
271315
271362
271362
271419
271431
271577
271809
271896
272024
272031
272072
272233
272704
272783
272848
273079
273181
273219
273378
273590
273939
273941
273994
274037
274087
274124
274138
274199
274505
274643
275101
275106
275191
275229
275253
275372
275847
275921
275927
276086
276095
276190
276232
276253
276364
276439
276708
276779
276806
276929
276980
277066
277079
277089
277119
277166
277184
277276
277307
277414
277430
277556
277613
277727
278021
278063
278067
278145
278315
278320
278465
278489
278516
278636
278647
278719
278774
278832
279085
279108
279110
279144
279146
279183
279304
279363
279407
279541
279603
279703
279741
279772
279773
279792
279962
280048
280096
280104
280166
280260
280324
280366
280419
280535
280604
280623
280662
280703
280719
280751
280852
280881
280956
281192
281488
281537
281616
281665
281697
281802
281835
281862
281924
281930
281975
281988
282019
282425
282429
282484
282562
282716
282788
283001
283027
283404
283538
283541
283895
283955
284061
284229
284249
284288
284291
284317
284689
284815
284828
284912
284929
285000
285045
285142
285414
285441
285479
285857
286209
286277
286605
286961
287203
287366
287498
287601
287910
287921
288027
288175
288354
288468
288593
288679
288746
288820
288828
288982
289099
289119
289168
289317
289829
289829
289871
290087
290106
290130
290141
290239
290342
290539
290619
290718
290753
291163
291178
291180
291389
291425
291626
291763
291848
291944
292000
292039
292509
292561
292645
292896
293124
293187
293188
293229
293431
293480
293719
293763
293901
293939
293976
294000
294255
294372
294483
294506
294521
294791
294840
294910
294999
295018
295301
295301
295408
295444
295489
295578
295604
295629
295718
295825
295912
295978
296391
296575
296580
296931
296958
297213
297248
297306
297308
297392
297494
297524
297556
297630
297726
298213
298414
298479
298628
298655
298737
298822
298854
298905
298965
299149
299156
299474
299719
299807
299832
299972
300429
300439
300691
300741
300859
300866
300940
301104
301204
301232
301279
301475
301622
301637
301854
301909
301915
301984
302259
302327
302450
302529
302703
302762
302982
303055
303056
303068
303087
303119
303123
303325
303404
303415
303421
303430
303543
303551
303642
303813
303913
303937
304050
304052
304068
304343
304350
304540
304576
304617
304695
305109
305413
305490
305645
305672
305726
305829
305940
306180
306402
306415
306473
306482
306532
306547
306670
306696
306789
306885
306907
306925
306998
307035
307412
307443
307480
307548
307584
307649
307811
307893
307954
308038
308190
308230
308294
308510
308669
308707
308793
308793
308821
308831
308889
309660
309690
309768
310020
310023
310096
310146
310154
310166
310175
310459
310487
310504
310602
310629
310667
310679
310787
310888
310954
311071
311339
311384
311424
311471
311485
311492
311609
311659
311727
311769
312174
312383
312566
312850
313204
313217
313266
313352
313420
313587
313604
313625
313752
313767
314080
314093
314097
314240
314390
314479
314588
314895
315096
315597
315781
315835
315839
315848
315879
316001
316033
316168
316181
316309
316314
316757
316771
316794
316917
317273
317277
317435
317459
317470
317654
317671
317735
317810
318019
318092
318105
318172
318335
318392
318428
318436
318448
318472
318666
318830
318892
318966
319684
319685
319874
319935
319973
320008
320259
320345
320411
320463
320465
320821
320862
320943
321172
321397
321457
321472
321482
321572
321643
321648
321886
322094
322306
322552
322624
322745
322751
322767
322893
323005
323208
323219
323319
323381
323438
323499
323680
323801
323846
323999
324026
324401
324440
324443
324531
324545
324547
324631
324826
324899
324912
324921
325068
325182
325201
325640
325659
325710
325808
325946
325977
326019
326204
326290
326319
326347
326499
326502
326615
326694
326793
326796
326829
326879
326943
327003
327310
327434
327436
327474
327590
327613
327692
327845
327860
327963
328198
328232
328416
328526
328646
328649
328685
328882
328887
328901
328982
329053
329134
329226
329232
329356
329595
329655
329862
329864
329877
329918
329973
330221
330244
330410
330472
330603
330800
330838
330886
331029
331081
331096
331135
331234
331265
331280
331318
331375
331446
331486
331549
331552
331576
331679
331729
331851
331902
331906
331921
331923
332130
332143
332144
332408
332486
332666
332753
332756
332810
332882
332890
332960
332972
333073
333248
333291
333318
333461
333508
333521
333600
333784
333871
333958
334014
334230
334306
334396
334486
334503
334515
334539
334553
334595
334661
334715
334821
334930
334934
334995
335035
335219
335729
335749
335858
335948
335955
336077
336164
336315
336449
336885
336888
337218
337264
337400
337420
337431
337462
337624
337855
337883
337947
337980
338140
338145
338341
338500
338568
338730
338760
339037
339083
339326
339430
339454
339700
339861
340068
340078
340097
340323
340565
340690
340708
340908
341019
341032
341275
341310
341352
341367
341424
341844
341860
341913
341926
341967
342049
342074
342172
342238
342265
342318
342353
342378
342440
342755
342768
342855
343027
343046
343110
343223
343468
343487
343503
343587
343600
343715
343720
343774
343804
343824
344032
344051
344065
344067
344176
344293
344353
344395
344577
344815
344817
344849
345078
345112
345492
346012
346086
346225
346342
346350
346364
346664
346692
347182
347192
347409
347450
347463
347472
347473
347684
347711
347733
347802
347921
347936
348173
348263
348329
348366
348425
348541
348633
348812
348823
348827
348867
348969
348990
349023
349372
349462
349505
349553
349664
349775
349789
349967
349997
350107
350110
350118
350213
350260
350298
350304
350353
350422
350427
350521
350706
350797
350824
350859
350911
351082
351112
351135
351140
351373
351480
351568
351703
351764
351924
352003
352341
352343
352426
352645
352809
352886
352935
353104
353362
353539
353601
353752
353785
354020
354134
354263
354311
354628
354724
354725
354858
355027
355037
355165
355237
355494
355620
355647
355732
355733
355957
356019
356153
356166
356265
356290
356420
356443
356446
356487
356593
356743
356769
356782
356900
356945
357197
357500
357506
357800
357875
357995
358033
358036
358248
358377
358525
358800
358978
359001
359024
359120
359214
359276
359503
359605
359720
359756
359950
360044
360304
360386
360482
360570
360594
360614
360704
360707
360709
360722
360735
360762
361016
361022
361133
361154
361218
361272
361306
361332
361420
361424
361515
361704
361811
361818
361863
361964
362141
362228
362678
362777
362790
362967
363055
363120
363215
363268
363345
363512
363613
363617
363789
363837
363905
363993
364084
364190
364228
364260
364312
364378
364464
364702
364810
364822
364992
365038
365038
365121
365217
365359
365498
365607
365685
365712
365775
365861
365863
366061
366214
366285
366311
366520
366549
366565
366673
366683
366713
366758
366859
367382
367415
367768
367838
367904
367969
367977
368032
368037
368307
368355
368484
368507
368597
368628
368664
368735
369027
369053
369099
369341
369532
369653
369895
369916
369930
369974
370127
370292
370335
370431
370441
370520
370573
370578
370682
370995
371023
371167
371193
371235
371290
371313
371507
371518
371596
371677
371766
371801
371812
371843
371865
371920
371993
372238
372612
372889
372977
373095
373113
373153
373373
373403
373767
373775
373792
373934
374067
374072
374120
374405
374519
374690
374718
374835
374845
374991
375058
375132
375225
375259
375320
375369
375435
375450
375528
375669
375946
375980
375994
376246
376331
376342
376445
376475
376914
376959
377009
377276
377453
377517
377619
377672
377821
377942
378000
378210
378259
378356
378379
378402
378565
378660
378688
378714
378719
378769
378828
378866
378925
379015
379018
379034
379044
379045
379100
379148
379170
379206
379214
379231
379397
379454
379596
379621
379660
379698
379880
379903
380095
380105
380116
380215
380355
380481
380512
380689
380782
380812
381007
381009
381092
381355
381385
381450
381571
381574
381744
381765
381806
381834
381984
382119
382119
382319
382507
382634
382636
382782
382970
383008
383123
383193
383384
383417
383675
383683
383811
384138
384208
384317
384331
384348
384356
384414
384637
384738
384824
384825
384833
384943
384970
385067
385173
385204
385212
385317
385406
385439
385471
385560
385815
385953
385965
386188
386281
386317
386318
386375
386416
386442
386460
386533
386804
386827
386837
386839
386921
387004
387030
387090
387301
387387
387481
387623
387641
387890
387917
388040
388067
388526
388640
388659
388963
389140
389236
389549
389693
389700
389749
389780
389868
389932
390053
390079
390202
390266
390280
390288
390316
390330
390330
390600
390659
390749
390754
390934
390957
391157
391236
391358
391652
391755
391815
391895
391925
391968
392215
392239
392263
392431
392708
392717
393162
393628
393678
393935
393956
393993
394064
394090
394139
394146
394197
394251
394275
394464
394628
394849
394880
394910
394913
394928
395285
395329
395360
395376
395410
395466
395632
395636
395680
395868
395971
396176
396280
396472
396488
396495
396540
396578
396703
396871
397225
397259
397437
397712
397748
397939
398392
398544
398622
398771
398863
398986
399150
399268
399277
399388
399418
399471
399518
399736
399808
399915
400102
400140
400239
400270
400295
400297
400546
400566
400591
400652
400679
400699
400977
400985
401071
401127
401137
401627
401726
401792
401900
401935
402040
402200
402323
402381
402490
402500
402509
402576
402628
402720
402744
402758
402777
402899
403025
403111
403122
403162
403264
403298
403340
403342
403415
403418
403441
403644
403656
403874
404281
404290
404376
404412
404479
404487
404926
404959
405076
405134
405195
405253
405326
405330
405333
405363
405566
405781
405966
406000
406043
406147
406251
406366
406491
406624
406685
406706
406727
406838
406968
406999
407104
407143
407247
407280
407446
407468
407492
407498
407789
407808
408001
408071
408928
409045
409052
409099
409178
409227
409393
409460
409472
409550
409582
409630
409688
409899
410150
410222
410320
410367
410381
410423
411228
411229
411263
411495
411618
411624
411634
411722
411803
411844
411961
412309
412356
412527
412579
412612
412759
412836
412845
412917
412926
413114
413153
413331
413372
413422
413475
413511
413515
413653
413688
413822
413858
413870
414207
414247
414260
414312
414317
414325
414348
414486
414610
414660
414770
414887
414990
415121
415146
415155
415197
415301
415331
415339
415519
415540
415567
415651
415704
415728
416022
416030
416111
416211
416321
416338
416352
416394
416508
416540
416559
416591
416620
416742
416899
416992
417256
417483
417523
417686
418113
418210
418410
418685
418704
418866
418933
419078
419123
419129
419147
419150
419217
419254
419841
419914
420003
420117
420153
420397
420471
420496
420527
420794
421055
421199
421307
421457
421481
421506
421540
422006
422014
422054
422071
422198
422430
422551
422595
422757
423462
423555
423735
423939
423950
424104
424171
424212
424240
424246
424312
424378
424392
424421
424424
424460
424571
424624
424756
424807
424893
424914
425048
425065
425247
425256
425301
425327
425555
425743
425794
425820
425864
425944
425970
426017
426210
426338
426565
426618
426784
426802
427013
427039
427066
427104
427363
427569
427856
428013
428262
428283
428340
428795
429094
429117
429149
429390
429478
429641
429775
430171
430437
430708
430799
430875
430974
431179
431289
431301
431453
431542
431907
431965
432369
432608
432645
432770
432847
432916
432937
433096
433137
433177
433204
433279
433329
433375
433469
433519
433526
433533
433670
434219
434610
434615
434765
434770
434775
434888
435087
435192
435206
435709
435772
435908
436022
436123
436155
436209
436222
436235
436250
436303
436335
436404
436411
436435
436492
436566
436575
436585
436594
436639
436898
436956
436993
437021
437232
437320
437321
437345
437364
437374
437427
437492
437551
437575
437603
437821
437876
437896
438155
438374
438451
438542
438558
438589
438764
438852
439039
439199
439270
439502
439670
440009
440049
440058
440412
440539
441403
441567
441603
441745
441970
442042
442179
442255
442454
442501
442630
442714
442748
442766
442815
442843
442951
442991
443095
443105
443124
443154
443367
443421
443443
443540
443609
443821
443858
443894
443939
443957
444051
444077
444116
444255
444318
444349
444372
444449
444504
444882
444968
445034
445096
445138
445326
445354
445397
445537
445846
445912
445917
445949
445970
446050
446112
446143
446376
446386
446418
446438
446539
446547
446549
446580
446632
446771
446780
447096
447141
447180
447250
447472
447628
447823
448117
448196
448277
448331
448361
448380
448439
448531
448648
448649
448656
448693
448825
448836
448846
448949
448999
449115
449231
449363
449442
449493
449660
449698
449789
449815
449824
449888
450140
450347
450540
450569
450725
451016
451043
451072
451188
451260
451815
451827
451838
451846
451942
451984
452014
452129
452291
452319
452351
452594
452663
453054
453291
453322
453400
453425
453478
453627
454006
454067
454072
454124
454214
454392
454494
454602
454747
454906
455039
455237
455446
455500
455522
455542
455779
455846
455915
455936
456039
456203
456262
456266
456459
456503
456537
456541
456581
456621
456802
457040
457078
457103
457117
457300
457312
457471
457578
457637
457676
457677
457761
458048
458052
458062
458126
458232
458372
458570
458871
459103
459225
459285
459507
459511
459728
459743
459892
459970
460033
460230
460273
460287
460467
460467
460486
460666
460873
461026
461072
461127
461260
461421
461472
461626
461669
461778
461857
462021
462077
462377
462406
462518
462696
462765
463200
463256
463332
463410
463454
463489
463494
463744
463845
463848
463888
463941
463970
464259
464356
464464
464557
464572
464635
464647
464904
464926
464999
465083
465109
465137
465460
465863
465971
466177
466376
466396
466438
466541
466548
466560
466973
467111
467119
467131
467280
467478
467495
467844
467847
468128
468232
468318
468345
468394
468490
468554
468692
468712
468732
468796
468965
469020
469148
469259
469278
469289
469407
469421
469498
469554
469742
469820
469912
470028
470212
470265
470276
470392
470586
470726
470791
470952
471157
471258
471366
471370
471388
471390
471506
471572
471662
471748
471973
472012
472020
472073
472173
472193
472358
472421
472496
472573
472698
472737
473076
473284
473357
473390
473770
473912
473941
474181
474250
474305
474351
474491
474519
474594
474653
474910
475054
475277
475289
475332
475616
475686
475715
476098
476275
476325
476361
476454
476497
476646
476651
476821
476931
476963
476974
477010
477114
477236
477272
477699
477883
477904
478269
478313
478316
478421
478460
478479
478518
478541
478559
478583
478651
478734
478899
478977
479115
479185
479201
479260
479397
479462
479678
479723
479757
479995
480034
480153
480386
480404
480503
480573
480971
480985
481050
481056
481136
481177
481509
481616
481645
481794
481824
481873
481970
482272
482283
482346
482540
482552
482599
482650
482840
482933
483053
483078
483132
483277
483336
483425
483608
483717
483961
484105
484132
484338
484417
484854
484951
484982
485080
485134
485325
485457
485470
485498
485545
485675
485911
486089
486120
486172
486221
486503
486574
486609
486710
486832
486834
486980
487043
487176
487206
487222
487341
487348
487593
487716
487732
488018
488230
488362
488426
488427
488434
488540
488581
488610
488717
488890
488970
489190
489385
489610
489734
489739
489782
489817
489987
490000
490023
490029
490039
490245
490313
490394
490640
490793
490887
490948
490972
491013
491022
491072
491168
491230
491360
491508
491524
491572
491671
491689
491907
492040
492140
492199
492453
492522
492612
492631
492893
493150
493595
493692
493910
494349
494437
494540
494545
494742
495062
495087
495252
495316
495449
495614
495629
495970
496027
496089
496130
496272
496309
496310
496422
496432
496625
496799
496800
497049
497175
497203
497203
497348
497353
497621
497662
497672
497708
497741
497755
497800
497806
497868
497880
497898
497978
498151
498159
498187
498249
498806
498871
498960
498964
499120
499181
499230
499248
499301
499334
499343
499399
499406
499439
499471
499554
499605
499787
499796
499893
500002
500005
500276
500384
500410
500543
500606
500644
500954
501020
501126
501202
501242
501272
501406
501444
501584
501585
501734
501743
501782
501794
502091
502284
502497
502585
502638
502727
502750
502767
502891
503049
503124
503220
503502
503547
503728
503789
503853
503896
504017
504023
504162
504259
504362
504393
504567
504578
504603
504615
504620
504669
504721
504809
504933
504948
505074
505078
505125
505169
505197
505326
505492
505567
505669
505676
505677
505944
505973
506230
506276
506277
506325
506454
506475
506490
506557
506567
506631
506708
506814
507049
507147
507200
507222
507297
507353
507365
507555
507621
507633
507792
507965
508119
508142
508292
508373
508551
508638
508657
508752
508847
508850
508997
509228
509236
509245
509325
509460
509466
509490
509530
509634
509664
509862
509971
510191
510341
510409
510661
510729
510890
510952
511158
511291
511487
511541
511730
511765
511811
511874
511911
512033
512057
512220
512221
512349
512614
512706
512727
512785
512889
512939
512941
513021
513027
513257
513266
513405
513495
513565
513669
513875
513939
514536
514560
514662
514741
514775
514777
514818
514886
514916
515178
515224
515274
515306
515345
515385
515469
515479
515905
515906
515938
516041
516180
516292
516300
516766
516898
517126
517152
517232
517471
517512
517593
517853
517892
518053
518113
518201
518323
518340
518555
518659
518706
518778
519353
519540
519542
519931
519963
520010
520149
520163
520573
520594
520643
521026
521096
521244
521685
521765
521880
521935
522039
522119
522322
522387
522523
522542
522555
522760
522833
523002
523061
523098
523184
523218
523319
523333
523516
523679
523690
523838
523938
524009
524156
524350
524441
524458
524490
524622
524661
524709
524759
524806
525056
525091
525157
525273
525279
525384
525520
525544
525665
525792
525869
525882
525901
525960
526057
526467
526531
526545
526809
526824
526877
526887
527034
527068
527313
527466
527658
527785
527897
527976
528013
528311
528429
528609
528719
528989
529246
529268
529324
529366
529385
529445
529470
529510
529560
529589
529639
529735
529998
530169
530245
530265
530282
530481
530517
530570
530794
530833
530888
530949
531112
531201
531211
531261
531584
531625
531761
531866
531926
531957
532282
532316
532667
532762
532874
533073
533349
533497
533534
533629
533749
533762
533766
533815
533930
534013
534103
534121
534409
534537
534569
534760
534934
535049
535258
535482
535789
535852
535915
536051
536389
536493
536565
536584
536591
536631
536717
536761
536890
537180
537269
537321
537330
537422
537444
537534
537748
537849
537910
537949
538085
538302
538429
538513
538761
538774
538844
538880
539114
539135
539363
539463
539471
539544
539567
539625
539895
539933
539967
540043
540100
540171
540240
540562
540690
540790
540830
540876
540982
541127
541197
541283
541292
541514
541642
541702
541702
541730
541985
542012
542316
542496
542699
543020
543025
543176
543199
543447
543644
543703
543858
543946
544148
544222
544302
544323
544461
544663
544801
544880
545082
545099
545264
545291
545362
545536
545572
545639
545717
545991
546134
546158
546165
546236
546445
546578
546866
546970
547166
547316
547342
547431
547813
547831
547836
547938
547959
548194
548254
548482
548600
548629
548914
548974
548988
549156
549195
549365
549497
549610
549659
549666
549716
549881
549955
549990
549995
550024
550170
550197
550286
550329
550370
550750
550925
550942
551070
551111
551190
551335
551469
551480
551611
551784
551809
551832
551885
552217
552463
552486
552561
552904
552981
552998
553027
553062
553141
553281
553420
553905
554117
554121
554197
554240
554292
554361
554377
554429
554712
554728
554734
554755
554768
554859
554923
554932
554944
555003
555028
555242
555296
555423
555428
555511
555534
555572
555781
555826
555899
555952
555957
556040
556103
556325
556392
556459
556494
556506
556607
556645
556695
556754
556817
556846
556925
556999
557059
557160
557436
557454
557489
557634
557717
557718
557935
557952
558104
558353
558387
558388
558519
558546
558779
558844
558879
558910
558954
559073
559088
559141
559217
559241
559578
559613
559647
559899
559946
560087
560111
560142
560147
560250
560262
560288
560288
560419
560559
560816
561133
561167
561180
561230
561251
561366
561431
561558
561572
561610
561676
561676
561683
561838
561917
561947
562070
562107
562134
562209
562236
562281
562317
562480
562494
562504
562727
562816
562888
562905
562948
562958
563027
563074
563097
563099
563399
563582
563693
563805
563858
563942
563943
564058
564077
564216
564258
564400
564442
564473
564477
564525
564584
564604
564819
564824
565029
565036
565044
565068
565083
565092
565117
565127
565156
565235
565604
565642
565855
565901
565936
566055
566085
566135
566238
566523
566525
566644
566701
566834
566882
566924
566939
567201
567262
567278
567379
567423
567920
568276
568351
568418
568623
568624
568669
568988
569034
569083
569259
569269
569299
569340
569402
569515
569599
569806
569810
569823
569831
569894
569897
569906
570128
570133
570216
570361
570469
570472
571072
571142
571253
571413
571503
571574
571734
571785
571936
572103
572134
572192
572205
572239
572254
572268
572337
572354
572437
572574
572597
572649
572654
572687
572794
572918
572973
573303
573438
573479
573874
573973
573999
574078
574087
574241
574599
574935
574983
574994
575082
575153
575208
575318
575613
575767
575872
575895
576109
576123
576263
576266
576376
576590
576811
576823
577106
577274
577410
577482
577484
577652
577758
578086
578223
578273
578320
578419
578489
578667
578779
578858
578874
579010
579117
579153
579167
579197
579265
579406
579424
579427
579623
579674
579768
579972
579999
580000
580183
580245
580345
580370
580392
580976
581170
581187
581330
581367
581454
581529
581565
581622
581867
581887
581894
581958
582159
582221
582472
582531
582586
582661
582869
582875
582965
583020
583026
583145
583188
583228
583468
583502
583593
583629
583806
583828
583859
584145
584159
584193
584245
584292
584317
584329
584407
584614
585036
585155
585271
585321
585333
585409
585434
585672
585712
585741
585750
585791
585872
585877
586070
586206
586475
586529
586646
586700
586733
586802
587091
587175
587258
587445
587574
587699
587759
587967
588043
588172
588176
588220
588473
588575
588647
588681
588718
589130
589135
589139
589322
589344
589481
589640
589738
589945
590018
590029
590105
590294
590372
590546
590560
590692
590711
590731
590770
590878
590959
591042
591158
591418
591461
591542
591551
591618
591843
591895
591899
591901
592054
592303
592465
592667
592800
592874
592884
593123
593196
593230
593387
593620
593627
593757
593990
594376
594674
594708
595022
595068
595077
595188
595358
595491
595510
595533
595757
595856
596119
596279
596300
596326
596343
596556
596709
596728
596749
596888
597354
597371
597381
597399
597404
597486
597543
597544
597662
597792
597933
598159
598197
598210
598229
598287
598303
598438
598509
598684
598698
599094
599190
599201
599223
599370
599686
599763
599796
599846
599905
599999
600001
600334
600369
600561
600916
600917
601029
601188
601241
601272
601303
601310
601427
601446
601491
601506
601545
601583
601653
601684
601846
601861
601887
601900
602088
602101
602154
602176
602317
602379
602383
602433
602518
602724
602743
602813
602974
602991
603006
603124
603143
603255
603357
603445
603516
603516
603556
603684
603954
604219
604235
604236
604392
604438
604595
604604
604747
604784
604803
604812
604829
604927
604998
605180
605307
605315
605461
605468
605614
605712
605806
605847
605881
605948
606135
606157
606177
606181
606302
606712
606747
606783
607077
607097
607188
607297
607381
607513
607549
607660
607880
607900
607922
607945
607984
608293
608350
608528
608611
608692
608762
608859
608880
608915
608926
608937
609014
609289
609366
609511
609570
609620
609694
609774
609858
609869
609875
609955
610027
610197
610345
610381
610465
610470
610500
610538
610551
610585
610587
610656
610677
610682
610704
610724
610759
610823
610852
610961
611298
611521
611571
611601
611828
611932
611992
612074
612227
612285
612389
612435
612491
612536
612673
612679
612726
612755
612805
612995
613003
613061
613187
613373
613389
613393
613463
613489
613617
613708
613739
613871
613924
614019
614056
614119
614179
614292
614358
614421
614491
614501
614577
614582
614643
614699
614772
614999
615047
615124
615460
615489
615564
615569
615619
615646
615655
615679
615894
616044
616207
616382
616659
616693
616842
617010
617281
617629
617721
617757
617782
617790
617921
618051
618065
618290
618511
618555
618699
618774
619065
619294
619301
619390
619476
619599
619603
619690
619740
619804
619860
620143
620159
620173
620327
620461
620537
620544
620617
620644
620684
620746
620759
620875
620889
620910
621051
621091
621128
621405
621480
621564
621578
621584
621616
621649
621670
621821
621899
622003
622143
622238
622247
622249
622323
622427
622874
622984
623047
623071
623110
623230
623264
623302
623308
623393
623468
623553
623634
623749
623949
624089
624152
624408
624500
624729
624756
624810
624831
624934
625047
625050
625097
625299
625316
625325
625453
625490
625528
625607
625624
625967
626080
626155
626188
626194
626221
626322
626370
626376
626489
626514
626695
626702
626781
626799
626814
626833
627085
627104
627114
627233
627405
627463
627593
627623
627625
628025
628137
628152
628194
628269
628348
628421
628462
628539
628552
628751
628769
628781
628833
629239
629259
629342
629354
629398
629417
629439
629454
629484
629505
629772
629845
629934
630052
630119
630267
630430
630598
630623
630755
630964
631132
631170
631181
631210
631347
631454
631734
631782
631910
631946
632262
632321
632375
632590
632599
632606
633060
633206
633290
633316
633385
633390
633433
633574
633620
633645
633649
634104
634430
634522
634667
634747
634841
634961
634995
635001
635159
635415
635489
635496
635588
635869
635945
635954
635996
636002
636331
636354
636438
636445
636551
636693
636748
636836
637045
637061
637147
637153
637344
637466
637500
637989
638032
638171
638230
638427
638443
638451
638473
638544
638603
638666
638881
639292
639326
639398
639429
639464
639467
639606
639616
639637
639700
639717
639926
639947
639954
639960
640369
640503
640634
640755
640779
640786
640909
640943
641107
641113
641143
641261
641369
641374
641501
641518
641520
641565
641640
641769
641914
641943
642165
642336
642352
642821
642831
642936
642949
643011
643085
643251
643260
643318
643446
643579
643600
643690
643772
643897
644016
644105
644110
644316
644371
644442
644460
644505
644583
644627
644677
644770
644783
644809
644884
644944
645007
645045
645597
645616
645623
645625
645654
645715
645869
645928
646034
646062
646255
646304
646329
646564
646663
646879
646889
646949
647446
647459
647564
647669
647673
647709
647739
647869
648001
648021
648037
648037
648066
648123
648243
648493
648852
648904
648998
649089
649189
649279
649297
649352
650018
650048
650084
650131
650171
650222
650396
650449
650461
650498
650548
650637
650666
650721
650851
651179
651523
651716
651835
651839
651981
652061
652206
652238
652287
652455
652720
653167
653246
653581
653691
653916
653939
654035
654217
654551
654586
654635
654775
654791
654815
654849
654895
654901
655041
655158
655412
655459
655594
655606
655618
655749
655751
655890
656081
656179
656577
656666
656767
656840
656906
656911
657067
657090
657124
657150
657161
657230
657299
657670
657987
658084
658193
658506
658535
658612
658816
658913
659059
659338
659523
659608
659658
659730
659853
660226
660232
660278
660430
660482
660518
660618
660622
660643
660646
660764
660932
661088
661091
661493
661536
661782
661945
662009
662031
662122
662239
662239
662314
662379
662388
662520
662542
662704
663153
663178
663354
663398
663435
663448
663466
663495
663507
663521
663575
663648
663734
663831
664161
664195
664554
664757
664812
664865
665153
665285
665420
665470
665502
665521
665571
665695
665806
665965
666059
666169
666555
666870
666887
666896
667018
667210
667229
667362
667391
667408
667413
667533
668237
668286
668383
668544
668760
668763
668785
668855
668937
669030
669075
669240
669370
669417
669498
669864
669969
670080
670118
670248
670363
670518
670669
670689
670723
671301
671379
671544
671698
671797
671859
671918
671946
672122
672460
672567
672659
672818
672838
672847
672866
672918
672958
672995
673182
673231
673270
673294
673305
673448
673461
673706
673746
673775
673824
673914
673919
674077
674085
674092
674139
674376
674629
674662
674756
674781
675061
675077
675168
675349
675485
675530
675549
675603
675660
675694
675928
676132
676283
676300
676473
676485
676531
676733
676743
676860
676914
677099
677189
677360
677400
677440
677590
677670
677731
677994
678005
678007
678030
678076
678406
678518
678725
678841
679080
679216
679242
679245
679280
679652
679749
679764
679823
679825
680085
680314
680417
680575
680597
680798
680876
680969
681130
681162
681353
681479
681509
681624
681795
681804
681934
682071
682232
682246
682266
682267
682522
682526
682569
682754
682775
682886
682969
683086
683163
683215
683238
683364
683406
683436
683814
683823
683897
684050
684263
684607
684672
684778
684838
685071
685189
685545
685572
685816
685860
685866
685982
685991
686114
686228
686570
686585
686770
686805
686852
687247
687262
687351
687514
687673
687788
687870
688247
688390
688728
688793
689161
689226
689226
689337
689347
689616
690060
690094
690107
690246
690692
690701
690811
690825
690936
691074
691178
691312
691340
691342
691723
691802
691832
691879
691912
691921
692109
692164
692218
692222
692372
692410
692471
692539
692635
692772
692996
693083
693224
693279
693413
693559
693715
693734
693912
693959
694165
694216
694234
694243
694284
694646
694752
694815
694854
694921
694968
694983
695049
695130
695183
695204
695264
695285
695593
695844
695860
696128
696189
696249
696314
696464
696475
696516
696518
696551
696568
696591
696862
696868
696982
696992
697055
697094
697234
697297
697401
697413
697453
697576
697922
697952
698146
698244
698366
698415
698473
698558
698749
698930
698969
698999
698999
699269
699278
699400
699576
699890
699946
700102
700295
700296
700400
700449
700460
700506
700579
700612
700618
700805
700808
700824
700876
701044
701070
701153
701250
701269
701320
701413
701432
701894
701915
702074
702168
702609
702632
702810
702812
702870
702872
703010
703183
703232
703350
703362
703378
703384
703865
703977
704004
704045
704071
704202
704231
704241
704319
704368
704399
704456
704576
704583
704736
704741
704805
704862
704928
705199
705261
705420
705479
705538
705625
705796
705836
705893
705930
706007
706158
706210
706228
706330
706338
706381
706560
706597
707054
707080
707440
707507
708019
708597
708689
708715
708777
708851
708962
708984
709044
709128
709179
709411
709477
709478
709501
709693
709704
709721
709728
709735
709804
709861
709874
710206
710461
710492
710544
710718
710805
710820
710836
710894
711019
711028
711110
711132
711153
711233
711312
711405
711692
711705
711801
711918
711983
712090
712123
712165
712192
712280
712337
712351
712375
712450
712528
712652
712670
712762
712820
712843
713043
713201
713430
713439
713551
713631
713668
713671
713798
713818
713865
713873
713875
714022
714246
714283
714354
714378
714389
714393
714507
714568
714603
714844
715005
715011
715035
715067
715135
715137
715326
715566
715697
715713
715802
715915
715943
716006
716083
716203
716264
716374
716701
716954
716992
717045
717336
717555
717700
718163
718185
718186
718269
718287
718335
718511
718571
718576
718622
718798
718893
718923
718996
719414
719469
719512
719550
719560
719657
719721
719729
719794
719816
719846
719880
719884
719893
719936
719985
719986
720011
720272
720453
720551
720577
720596
720627
720667
720762
720837
720983
721071
721084
721274
721295
721418
721500
721593
721818
721860
722093
722158
722217
722330
722572
722684
722757
722837
722876
722890
723000
723050
723066
723093
723334
723910
724152
724179
724231
724295
724339
724363
724368
724416
724624
724730
724815
724820
724821
725137
725217
725290
725517
725586
725697
725700
725939
726180
726228
726463
726529
726605
726627
726685
726834
726944
726958
727036
727106
727161
727204
727443
727588
727631
727728
727881
728217
728300
728393
728583
728706
728714
728728
728905
728934
728989
729192
729240
729266
729430
729531
729579
729640
729894
729945
730009
730173
730202
730221
730443
730718
730782
730828
730916
731077
731217
731240
731420
731500
731669
731721
731923
732141
732367
732415
732429
732436
732476
732479
732640
732729
732895
733044
733182
733204
733291
733292
733381
733525
733609
734042
734095
734206
734403
734490
734581
734596
734884
735242
735452
735480
735618
735742
735779
735791
735825
735920
735928
736103
736160
736203
736248
736330
736386
736510
736598
736801
736876
736880
736948
737117
737415
737466
737537
737590
737641
737783
737868
737895
738007
738118
738302
738435
738505
738565
738669
738829
738844
739098
739298
739310
739464
739511
739690
740089
740375
740443
740468
740477
740520
740540
740651
740828
740914
740964
741026
741037
741259
741293
741312
741451
741723
741845
741859
741920
742042
742051
742190
742235
742267
742292
742315
742358
742405
742471
742556
742617
742665
742704
742748
742832
742873
743200
743253
743544
743564
743774
743794
743859
744013
744145
744167
744172
744330
744388
744469
744533
744542
744662
744756
744765
744977
745123
745296
745457
745643
745684
745759
745855
745885
746208
746379
746397
746413
746497
746544
746556
746586
746855
746979
747110
747171
747240
747360
747904
747957
747958
747963
748014
748020
748051
748052
748126
748147
748160
748243
748280
748530
748548
748583
748743
749187
749213
749296
749353
749479
749856
749858
750207
750311
750399
750465
750639
750666
750718
750806
750834
750901
751003
751105
751138
751195
751250
751440
751498
751591
751604
751799
752092
752323
752345
752422
752478
752655
752773
752898
752946
753046
753113
753127
753143
753159
753217
753255
753427
753486
753834
753942
753959
754036
754069
754150
754197
754235
754448
754478
754644
754649
754663
754778
754957
755047
755214
755374
755420
755529
755609
755863
756075
756179
756208
756445
756494
756821
756928
756995
757049
757264
757430
757547
757581
757693
757823
758107
758277
758307
758398
758499
758530
758628
758745
758818
758966
759004
759010
759107
759128
759289
759427
759470
759617
759686
759776
759781
759875
760042
760110
760192
760212
760251
760374
760425
760569
760574
760821
760825
760983
761022
761157
761212
761381
761601
761606
761681
761844
761869
761914
762116
762146
762175
762278
762469
762563
763302
763304
763356
763430
763479
763675
763781
763841
763845
763886
763987
763988
764081
764107
764163
764282
764619
764620
764722
764969
765048
765085
765106
765164
765750
765772
766007
766096
766155
766223
766266
766288
766369
766388
766555
766663
766683
766912
766933
766983
766992
767142
767183
767330
767356
767420
767428
767638
767798
767832
767973
768045
768293
768542
768570
768842
768951
769211
769372
769373
769433
769452
769610
769627
769644
769697
769759
769943
770531
770556
770672
770679
771028
771036
771045
771285
771488
771564
771628
771659
771764
771883
772015
772081
772138
772222
772318
772474
772739
772753
772961
773352
773462
773615
774179
774194
774263
774472
774702
774723
774740
775057
775152
775189
775227
775312
775329
775640
775678
775692
775701
775911
775936
776028
776029
776059
776083
776099
776236
776240
776363
776398
776537
776597
776661
776673
776783
776959
777103
777168
777222
777302
777439
777443
777467
777864
777866
777928
778075
778190
778195
778335
778358
778392
778428
778471
778535
778566
778614
778638
778674
778705
778717
778729
778847
778876
778891
778913
778937
779079
779196
779203
779244
779273
779293
779305
779331
779460
779477
779482
779837
779966
779967
779999
780184
780204
780282
780615
781036
781061
781090
781110
781129
781241
781454
781578
781685
781932
782080
782447
782453
782628
782632
782702
782752
782970
783169
783190
783236
783398
783483
783552
783691
783712
783713
784150
784240
784335
784665
784714
784877
784887
784924
785012
785019
785066
785162
785488
785523
785630
785867
785887
786038
786235
786380
786398
786423
786434
786627
786643
786707
786728
786755
786798
786862
786946
787023
787035
787161
787201
787321
787340
787365
787418
787420
787733
787785
787864
787975
788040
788050
788181
788214
788305
788344
788503
788600
788621
788773
788797
788918
789104
789312
789497
789648
789863
790022
790121
790158
790160
790253
790378
790402
790512
790551
790561
790710
790793
791061
791075
791164
791176
791181
791187
791193
791311
791557
791608
791659
791743
791811
791932
791968
792141
792258
792306
792306
792395
792399
792452
792688
792827
792848
792904
792940
793043
793241
793499
793526
793592
793730
793741
793787
794259
794373
794404
794488
794501
794509
794517
794525
794562
794646
794659
794802
794817
794992
795042
795153
795194
795269
795326
795363
795477
795484
795490
795679
795736
795842
795854
796004
796021
796346
796364
796496
796567
796626
796674
796726
796796
797180
797298
797483
797497
797563
797644
797644
797675
797688
797776
798170
798215
798367
798536
798540
798545
798683
798892
799036
799219
799472
799475
799530
799591
799597
799610
799877
800027
800134
800157
800168
800267
800580
800585
800603
800619
800621
800811
800871
800938
801008
801103
801109
801132
801224
801430
801591
801781
801879
801955
801978
802086
802341
802865
802871
802899
803055
803132
803235
803481
803615
803649
803781
804037
804087
804129
804304
804580
804639
805113
805225
805228
805353
805416
805781
805991
805993
806052
806201
806298
806453
806479
806492
806572
806754
806880
807174
807296
807311
807461
807589
807648
808037
808060
808123
808148
808214
808326
808425
808473
808530
808574
808721
808801
808913
808994
809071
809084
809130
809164
809590
809619
809776
809998
810040
810088
810165
810226
810231
810252
810320
810345
810389
810503
810575
810654
810666
811100
811192
811203
811333
811427
811429
811430
811517
811522
811620
811644
811781
811808
811816
812001
812002
812214
812244
812389
812421
812497
812542
812552
812711
812764
812805
812954
813093
813138
813161
813168
813171
813211
813262
813415
813464
813470
813477
813492
814142
814163
814201
814219
814336
814421
814513
814615
814792
814935
815056
815244
815321
815372
815413
815496
815509
815659
815750
815774
815821
815906
815916
815921
815963
816000
816098
816130
816205
816245
816366
816774
816937
816975
816979
817010
817073
817148
817400
817760
817822
817857
817919
818031
818270
818474
818512
818568
818578
818647
818651
818691
818764
818978
819078
819124
819161
819261
819279
819287
819512
819574
819692
819782
819819
819925
819984
820104
820223
820231
820304
820716
820967
821101
821165
821289
821349
821594
821634
821717
821903
821923
822079
822107
822128
822438
822453
822460
822562
822805
823055
823076
823281
823323
823335
823357
823475
823527
823660
823753
823861
823870
824127
824414
824430
824445
824556
824644
824929
824962
825096
825415
825417
825439
825459
825582
825678
825753
825785
825803
825825
825904
826150
826196
826240
826326
826350
826569
826790
826953
827133
827401
827544
827596
827758
827830
827849
827989
828055
828104
828338
828482
828509
828524
828614
828800
828845
829055
829058
829088
829096
829189
829279
829306
829404
829771
829854
829909
830193
830193
830222
830310
830436
830809
830830
830922
830931
830950
831220
831262
831422
831433
831466
831486
831512
831605
831629
831638
831927
831945
832057
832416
832579
832788
832855
832895
832953
833060
833152
833188
833209
833391
833425
833477
833559
833614
833747
833749
833761
833872
834057
834251
834294
834318
834405
834492
834601
834602
834763
834791
834805
834808
834827
834832
834954
834979
835072
835158
835281
835375
835630
835704
835787
835793
835832
835986
836016
836115
836179
836440
836715
836875
837013
837265
837473
837509
837533
837588
837603
837662
837868
838015
838032
838103
838346
838383
838768
839010
839053
839077
839204
839465
839782
839845
839868
840167
840295
840423
840460
840468
840576
841275
841421
841506
841576
841640
841806
841983
842110
842152
842172
842185
842186
842420
842694
842709
842823
842867
843084
843309
843345
843382
843398
843730
843776
844035
844188
844468
844735
844771
844777
845011
845028
845105
845189
845279
845361
845390
845434
845553
845677
845745
845795
846130
846173
846175
846270
846392
846593
846636
846642
846665
846681
846716
846736
846780
846822
846823
846879
846882
846885
847037
847115
847601
847752
847905
847987
848268
848402
848409
848499
848564
848683
848968
849027
849214
849434
849509
849554
849579
849712
849714
850210
850223
850241
850350
850399
850449
850478
850686
850787
850810
850922
850936
851005
851055
851207
851334
851334
851627
851668
852000
852002
852438
852516
852618
852650
852659
852687
852764
852771
852985
852991
853052
853107
853313
853354
853398
853447
853772
853978
853984
854142
854194
854452
854506
854535
854771
854965
854985
855072
855236
855348
855371
855378
855390
855515
855533
855535
855633
855748
855769
855862
856012
856210
856337
856386
856444
856453
856551
856867
856940
857153
857161
857179
857285
857321
857420
857738
857810
857869
857907
857996
858080
858110
858213
858304
858485
858619
858742
858758
858782
858868
858925
859001
859112
859321
859411
859441
859464
859529
859789
859800
859817
859944
859959
859996
860049
860054
860109
860146
860317
860355
860377
860430
860445
860470
860638
860649
860690
860749
860775
860776
860804
860821
860871
860924
860932
860953
860985
861002
861032
861043
861127
861244
861519
861599
861681
861817
862115
862178
862286
862367
862372
862473
862493
862534
862558
862629
862687
862826
862843
862999
863010
863168
863325
863487
864033
864084
864377
864490
864579
864751
864862
865018
865039
865053
865389
865393
865421
865423
865535
865537
865602
865714
865955
866001
866106
866175
866182
866344
866359
866396
866567
866611
866714
866833
867047
867170
867258
867348
867408
867439
867899
867999
868005
868185
868206
868450
868545
868551
868604
868873
869079
869108
869380
869391
869409
869465
869573
869618
869721
869721
869775
869909
870008
870204
870302
870324
870552
870753
870756
870819
870945
871159
871299
871315
871533
871655
871659
871707
871858
871888
872042
872081
872112
872126
872194
872228
872288
872289
872365
872506
872618
872975
873025
873077
873079
873279
873457
873457
873647
873657
873713
873731
873778
873856
874083
874186
874221
874224
874374
874694
874801
874876
874912
874978
875004
875079
875269
875404
875521
875554
875641
875692
875794
875810
875819
875905
875931
876263
876278
876368
876500
876620
876696
876772
876861
876874
876995
877007
877112
877137
877198
877250
877385
877446
877707
877762
877862
877946
877996
878364
878376
878402
878434
878473
878572
878620
878689
878778
878858
878871
879039
879134
879205
879282
879410
879464
879558
879627
879687
879761
879901
880056
880075
880160
880257
880292
880336
880500
880643
880706
880931
880996
881002
881010
881041
881251
881339
881610
881689
881771
881986
882079
882087
882091
882103
882125
882133
882391
882508
882529
882775
882983
883035
883097
883125
883414
883511
883534
883641
883751
883805
883965
884112
884146
884197
884210
884290
884297
884323
884495
884515
884789
885021
885055
885063
885179
885190
885216
885228
885585
885604
885607
885620
885731
885824
886054
886065
886454
886606
886872
886974
887330
887447
887454
887461
887842
887909
887925
887991
888009
888233
888262
888593
888649
888661
888748
888802
888803
888833
888871
888913
888955
889229
889432
889560
889715
889899
889915
890007
890051
890168
890632
890642
890682
890734
891240
891575
891717
892032
892063
892254
892303
892347
892414
892614
892707
892747
892825
892943
893160
893195
893301
893449
893460
893542
893544
893747
893786
893791
893837
893854
893951
894116
894158
894243
894388
894445
894968
895020
895102
895324
895330
895414
895569
895730
895798
895798
895925
896059
896111
896178
896202
896373
896503
896678
896885
896940
896985
897163
897165
897228
897240
897249
897251
897283
897311
897428
897480
897490
897565
897732
897802
898041
898092
898248
898255
898498
898554
898591
898719
898745
898922
898955
898998
899204
899427
899483
899490
899508
899565
899665
899683
899780
899868
899888
899917
900007
900012
900059
900091
900311
900452
900488
900502
901061
901117
901162
901320
901407
901454
901464
901502
901565
901653
901730
901761
901772
901949
901959
902062
902136
902163
902172
902202
902395
902492
902515
902603
902626
902682
902792
902839
902887
902948
903185
903435
903466
903536
903576
903608
903771
903848
903925
904248
904351
904368
904548
904917
904949
904954
905010
905055
905112
905153
905193
905316
905317
905468
905704
905722
905807
906666
906843
907290
907775
907779
907810
907884
907959
908039
908096
908279
908380
908400
908604
908687
908704
908879
908921
908953
908993
909000
909088
909175
909227
909236
909268
909361
909518
909546
909902
910120
910195
910311
910489
910546
910717
910964
911004
911053
911204
911294
911386
911447
911826
911946
912009
912160
912197
912248
912365
912482
912485
912554
912579
912928
912939
912996
913026
913141
913396
913504
914015
914032
914095
914124
914268
914292
914341
914352
914391
914407
914709
914736
914841
915779
915804
915894
915978
916366
916375
916436
916439
916564
916765
916835
917021
917069
917175
917329
917351
917409
917767
917848
918022
918025
918365
918383
918396
918411
918418
918545
918757
918770
918823
918878
918919
919073
919082
919157
919187
919292
919359
919568
919621
919625
919737
919820
919925
919993
920020
920021
920220
920363
920520
920575
920608
920670
920705
920760
920947
920976
921139
921390
921459
921475
921490
921594
921598
921645
921671
921724
921745
921875
921948
921967
922086
922257
922358
922650
922684
922799
922986
923034
923146
923163
923229
923359
923456
923494
923711
923813
923929
924045
924112
924144
924274
924421
924458
924683
924846
925004
925077
925126
925169
925191
925195
925244
925244
925447
925565
925577
925601
925656
925851
925899
926026
926041
926067
926524
926575
926609
926609
926766
926991
926995
927108
927276
927331
927358
927631
927815
927959
927970
927973
928002
928084
928137
928168
928185
928297
928507
928646
929014
929041
929065
929172
929194
929211
929490
929572
929645
929673
929860
929911
929924
929944
930007
930081
930118
930572
930575
930581
930634
930820
930900
930957
930980
931179
931196
931299
931476
931603
931687
931738
931805
931837
931859
931864
931930
931945
931947
931966
932147
932327
932418
932469
932481
932581
932835
932971
932997
933073
933261
933502
933977
934112
934404
934447
934481
934893
934947
935040
935408
935413
935448
935533
935573
935814
936016
936198
936330
936377
936474
936559
936591
936611
936738
936860
936871
936892
936932
937010
937067
937138
937199
937309
937322
937351
937833
937899
938003
938300
938465
938503
938599
938652
938743
938765
938922
939019
939165
939174
939301
939341
939351
939423
939553
939580
939667
939750
939778
940010
940048
940084
940125
940373
940395
940447
940589
940675
940796
940812
940849
941091
941286
941325
941354
941398
941506
941526
941858
941926
941952
941959
942031
942093
942126
942177
942178
942263
942348
942474
942488
942636
942671
942680
942717
942838
942855
942920
943046
943064
943151
943200
943204
943497
943497
943623
943768
943784
943835
943862
943886
943987
944100
944399
944471
944573
944655
944665
944950
944970
945278
945358
945515
945530
945552
945623
945642
945650
945724
945832
945865
945992
946135
946333
946340
946391
946394
946546
946718
946786
946795
946909
947002
947103
947126
947384
947693
947715
948023
948094
948106
948127
948154
948168
948236
948315
948337
948418
948511
948725
948762
948855
948907
948926
949008
949012
949037
949037
949169
949191
949272
949290
949333
949421
949559
949635
949709
949729
949797
949894
949940
949989
950024
950163
950198
950200
950247
950278
950412
950601
950688
950753
951144
951278
951477
951597
951612
951752
951805
951897
952122
952133
952151
952235
952473
952523
952552
952619
952636
952685
953076
953094
953131
953208
953258
953368
953474
953508
953627
953779
953890
953922
953940
954028
954049
954077
954194
954255
954280
954401
954552
954574
954705
954819
954819
955100
955111
955128
955485
955509
955544
955597
955631
955646
955803
955986
956005
956176
956218
956240
956243
956482
956538
956598
956678
956678
956733
956855
956936
957213
957274
957309
957324
957518
957624
957653
957867
958074
958098
958335
958450
958462
958652
958732
958761
958772
958887
958897
958972
959023
959176
959187
959233
959243
959414
959416
959639
959703
959856
959913
960088
960169
960298
960500
960517
960648
960730
960804
961152
961175
961376
961503
961530
961670
961737
961857
962224
962264
962569
962675
962844
962858
962892
962973
963220
963436
963555
963666
963765
963950
964085
964087
964117
964134
964219
964222
964266
964328
964563
964577
964579
964762
964951
965048
965073
965363
965599
965665
965706
965742
965867
965869
965973
966013
966080
966111
966986
967124
967287
967429
967548
967551
967589
967718
967771
967810
967904
968157
968456
968474
968524
968669
968963
969154
969419
969539
969622
969682
969803
969814
969819
969839
969858
969929
970072
970271
970783
971162
971180
971255
971314
971328
971532
971626
971926
972215
972289
972416
972478
972499
972576
972659
972708
972773
972833
973005
973167
973380
973470
974028
974205
974341
974399
974475
974501
974535
974561
974627
974649
974742
975184
975486
975534
975649
975776
975947
976016
976275
976343
976401
976453
976464
976476
976588
976593
976750
976780
976801
976922
976991
977048
977090
977255
977427
977531
977620
977639
977820
977939
977999
978108
978388
978427
978522
978758
978778
978820
978828
978888
978945
979261
979280
979449
979578
979657
979834
979977
979983
979988
980058
980062
980075
980223
980383
980798
980910
981017
981086
981106
981189
981248
981265
981348
981369
981517
981519
981635
982404
982536
982584
982720
982809
982841
982920
982932
983044
983187
983218
983245
983502
983740
983765
983848
983875
983904
983921
983961
984111
984168
984285
984334
984414
984456
984471
984687
984712
984750
984768
984892
984903
984983
984995
985051
985406
985435
985488
985683
985707
985715
985805
985904
985936
986002
986046
986122
986204
986447
986496
987014
987215
987417
987449
987599
987770
988042
988088
988301
988377
988438
988583
988762
988766
988810
988872
989158
989240
989599
989615
989621
989708
989720
989791
989796
989929
990019
990054
990390
990452
990458
990555
990636
990699
990742
990804
990817
990869
990874
990898
990911
991156
991180
991260
991391
991424
991672
991683
991695
991767
991890
992037
992165
992193
992338
992577
992600
992617
992669
992734
992754
992760
992893
992902
993047
993092
993119
993147
993153
993233
994058
994085
994149
994304
994502
994576
994735
994772
994801
994973
995042
995159
995171
995239
995342
995374
995542
995781
995860
995973
996026
996086
996276
996340
996450
996457
996636
996697
996719
997303
997566
997735
997766
997859
997993
998050
998135
998141
998191
998360
998431
998585
998698
998723
998925
999045
999063
999221
999414
999624
999627
999787
999826
999830
999894
999915
999926
999978
