1000
922
2972
4217
4717
5726
7458
7955
14010
14761
15108
16284
16295
16621
16896
18065
21474
21670
24673
24847
25279
26537
28585
32520
32843
34009
36094
36621
36662
38767
39022
39481
39746
40867
42864
43911
44393
45518
45629
46601
47121
49253
49444
49864
51553
51590
52590
55472
55563
55807
56424
57108
57151
57705
58309
58913
59698
61018
61040
61107
63523
64009
64224
64562
65845
66512
67963
68592
69302
70516
71696
73532
75014
75028
75186
75189
78842
78891
79141
79354
80992
81526
82552
82731
82737
82980
84670
89074
89349
90735
91085
91386
92135
92381
92851
96053
98913
101593
102646
103443
103709
104012
105335
108632
108715
108728
108854
109537
110765
110912
111514
112910
113012
115097
115122
115771
118157
118582
118731
118770
120204
120982
121010
121666
121669
123349
123400
123709
124444
125189
127159
127818
128743
128839
130407
131311
132804
133438
134715
134740
134928
136345
138653
138720
140611
140613
141314
143206
144865
145024
145892
148377
149588
150577
151457
153161
153377
154815
155508
157168
157618
157895
161292
162720
166582
167564
167808
167901
168810
168901
169084
170867
171771
171789
172122
172440
173168
174086
174687
174731
174941
175698
176162
177985
178363
179750
179820
180054
182000
184258
184478
184493
184525
186069
186419
189625
192770
192845
194364
198834
199375
199824
202388
202882
204164
208208
208298
209101
210744
210828
211443
212233
213906
214017
215607
215698
215832
217022
219666
219842
221481
223492
223690
224034
225253
226031
226202
227120
228596
229492
230995
233322
233500
234561
239780
242462
242825
243079
243792
246851
250149
251581
253297
255411
255458
257740
261723
261724
262924
264763
266710
266780
267608
267611
267770
268067
268699
270400
271136
271611
271916
274623
275091
276001
276388
277804
277953
278121
278492
279496
283461
283906
284581
285342
289702
290501
292023
292068
292549
293067
293937
293997
294270
297331
299329
299410
299736
300656
300928
302395
304747
305476
305494
307248
308093
311562
311821
312974
313119
316319
318134
320788
322209
322621
322842
323982
324065
324196
325337
325351
327279
328096
328431
328562
328596
331363
331604
331612
333718
336158
336386
336850
337757
337919
338134
338360
339066
339266
339659
341330
342305
343508
343670
343925
344518
347044
347421
348349
350252
350584
351790
351868
352131
354819
355180
358111
358890
359820
360274
360991
362070
362561
362585
363271
364069
365010
365708
366371
367488
368405
369648
370906
372230
372355
373511
374184
376605
377621
378362
380320
381420
382375
383064
383775
384839
386653
386811
387998
388816
390472
390681
390723
391820
392121
392184
392198
392446
393146
393604
395709
396249
396783
397551
398309
399937
400197
400853
404510
405152
406282
408732
409296
409781
409874
410705
411667
411817
412640
412830
413330
414286
415052
416657
416696
416797
417529
419248
420456
420706
422291
422511
424205
424436
427074
427287
427363
429500
430060
430325
431292
432152
434280
434964
439684
444413
444650
444773
445615
448078
448482
448513
449576
451015
454607
456303
457448
457894
458059
458700
461334
462884
464416
467424
468056
468156
468588
471449
472111
472360
473569
474068
474332
474758
474790
477078
478891
479370
482429
482506
482858
484299
485730
485984
486684
486746
486940
487029
487492
488281
488403
488858
489579
489922
490239
490663
494383
494493
495050
495560
496144
499505
499698
500558
501619
501707
502120
503551
504060
505623
507958
508264
508279
509517
509758
510151
513625
513840
515090
517849
518140
519301
519683
519826
520587
524711
526167
527861
528376
529364
529978
533487
533846
534148
535076
536087
536246
538235
540157
540824
541711
543182
543504
543527
543768
547876
548791
549247
550702
550803
550912
551971
552112
553084
553096
553521
554752
555404
557920
558618
558682
559364
559675
559841
561548
563142
564384
564561
565908
566286
567220
569361
570118
570349
573218
574177
575008
576926
579289
581312
581997
583297
584226
586439
588247
589366
589939
591491
592596
592799
598044
598696
599767
600422
600741
600764
601029
603516
604368
604383
608656
614234
614883
615530
617634
617722
617894
620997
622141
622910
623332
624386
624844
625113
627030
627916
628128
629138
630017
630583
633633
633662
633999
634255
635229
635541
635661
637353
637862
637982
638538
638816
638905
640115
640699
641483
642231
644131
644172
645455
645653
646228
646568
647934
647979
649812
651182
651855
652072
654744
654863
657075
657097
657836
658711
658812
659039
659714
660134
660947
663129
664616
666411
666458
667734
667874
668394
668482
669276
670176
671438
671649
672559
674228
677284
678476
680352
680799
682584
683002
683217
683508
684424
684798
687113
687369
688107
689410
689818
690148
690459
691697
692603
695270
695668
695708
695829
697256
698719
699129
700034
700612
703521
703688
704328
704648
708430
709634
709669
711025
713111
713940
714139
715538
716843
718870
718925
719265
719456
720302
720383
720584
722377
727889
729239
729784
730052
731794
732743
733669
734854
735208
735524
736119
739199
739313
740241
743299
743739
743979
744338
745934
747457
747537
747706
747708
748185
750668
750892
751684
751747
752860
755100
755249
755808
756093
760957
762060
763854
767434
767918
770935
772785
773454
773776
774136
774434
775687
776996
777174
778370
778372
780958
781604
783216
783358
784052
785348
786771
787197
788555
788973
788999
789110
789964
791092
791922
792659
796471
797065
797321
798787
799153
799276
799457
800108
800141
800374
801400
802136
802703
803477
805813
805813
806271
806365
808023
808364
809231
809984
810130
810384
811506
812579
814994
815388
816436
817018
817077
817300
819168
819817
820286
821049
821383
822175
822218
824257
826206
826620
827053
827410
827515
829481
829643
830229
830569
830610
831373
832335
833728
834333
835550
835899
836485
837299
838115
838314
839261
839674
840193
840309
840523
841497
841714
843116
843649
845037
845476
846287
848754
848765
849558
850524
853573
853608
853652
855648
856528
856992
857792
858045
859963
860262
861451
863244
863889
866049
867517
868221
869463
870036
870203
871471
871730
872181
872991
873167
873842
876470
876582
878014
881262
881555
881663
881966
882423
882693
885343
887608
888406
889051
889710
892817
893180
895355
896346
897374
897592
900639
903403
903755
903849
906013
908217
910145
910346
913203
914716
915037
915313
915505
917816
919054
920009
920138
923522
924397
926108
927100
928576
928958
929150
929301
932984
935306
935333
937418
937657
938367
938720
940274
942300
944089
944782
945936
946910
947444
947905
948723
948740
950069
950533
951024
952296
952820
953135
953773
954567
954947
955031
955224
955785
956721
957525
957585
958714
960228
960279
960507
961545
961805
961935
961996
962545
964754
964852
966196
968889
968897
969514
971410
972329
973203
975253
975459
975601
975774
975986
976149
976910
977261
979161
979899
981743
981773
982102
982379
983308
985116
989792
990114
991739
991828
991949
992855
994351
995361
995727
995856
996435
997625
