100
3958
14884
20984
26547
55277
91312
125518
131232
136272
152465
163805
185469
186157
204868
215309
219410
221197
238637
254245
260509
266980
268839
271558
275210
280793
301998
311286
313694
314195
314593
316380
328928
330166
334726
334772
337934
351651
372377
378467
411482
416577
424949
425058
430967
450537
452878
456832
461363
496407
504301
523568
533797
539225
543422
548574
553420
569227
576952
616708
620491
629083
633959
653754
654693
665847
667842
671851
679551
682551
700236
701276
721872
729273
751425
753207
754876
761146
762421
768020
770586
791304
810266
822075
836814
850547
876943
878194
896218
903091
907890
914241
924044
930127
949532
953518
962394
980042
983671
985805
990837
