10000
127995
486798
564731
913905
515701
351300
545725
562327
98371
513826
409768
356351
617200
177758
698871
352884
743983
59657
592977
506591
751202
627007
537070
550750
93305
156016
409373
66734
408879
46461
486676
53226
533259
567759
967132
565312
919059
512857
643992
533782
543036
53760
890133
160236
231518
589005
29473
491853
648662
622450
514797
916216
249457
568219
466966
859114
724236
392691
925849
649467
439153
412525
702694
488764
496636
186178
54077
415695
215387
698069
465829
758423
268181
355962
918660
16051
944967
948133
507904
593629
86935
22701
509846
852744
107273
493164
711858
831509
885856
637707
997328
841361
566584
216374
330125
63220
402552
900554
995267
617940
114975
461096
376363
383156
817059
811375
399207
762026
275860
423464
872008
362795
962517
898206
215539
69790
907722
927398
417651
793578
81457
414980
151291
648042
631354
481417
711262
550259
898323
706530
168199
13299
167626
60914
912807
984685
388642
312015
263064
664502
251831
651424
543650
214348
549630
275541
284139
457352
719291
701790
767283
800749
633122
434926
448791
780829
432695
676405
331088
331019
382935
15639
860670
66914
76553
773477
567951
465195
601844
831015
646050
853675
998791
706052
68024
548421
981593
868515
522126
700885
86657
805761
17986
719780
757039
466777
16961
189735
659534
864401
520754
42470
880040
381424
625736
472945
154901
193687
454493
756746
541055
100543
126773
539846
322947
711149
604620
304540
579664
643098
521777
666322
965211
539763
902454
722250
522892
435767
911985
182427
300168
949091
741249
180208
330515
883337
653153
1769
77024
107646
274867
134431
724541
401640
190630
563840
112790
795250
384733
692454
954700
906510
875128
436263
962626
293934
158513
1870
729701
586851
700649
29869
535942
441898
210077
866458
841587
379583
868227
918612
3581
143094
569395
244475
61086
760025
808315
173876
71627
193048
382683
26327
615911
774163
462590
578537
68098
137456
580407
314151
724307
281057
344021
260249
239307
70450
643059
80895
966385
27638
515859
969967
687084
85254
730794
748171
361632
539109
922047
433259
248510
821082
975939
864421
595246
954881
959310
179696
608689
56069
493847
849348
853478
354220
109598
609138
424671
269009
206385
391056
296648
722244
877375
983732
323850
608169
248255
201834
663631
686655
151446
428493
507737
127385
809266
619335
598618
768576
799031
207308
340997
809231
56656
194476
163451
682606
803614
104474
467968
526351
11883
280968
248595
405610
781052
88797
530132
29308
806984
193763
715963
958430
138608
223700
602167
947874
359388
717137
716450
674771
924445
57447
484002
497454
768275
163806
696412
88241
268280
680732
614592
796515
961700
379539
202126
742753
984689
732258
288413
791673
442373
4376
750103
580981
744428
868622
528855
103816
585759
761657
778588
26557
335456
778942
40363
103732
942748
736775
191973
727381
933860
322918
523896
895560
702457
242374
154665
687146
974632
959430
995171
933357
963806
745274
514338
224587
130248
43193
328403
716008
321202
623343
742565
656659
402286
782928
760391
861386
36055
468716
588767
969915
307986
629016
381828
10444
871390
52845
213942
362375
12276
209114
295732
492434
470740
810071
717021
600989
369616
561777
316997
690819
701472
575914
347478
103758
358842
624221
481497
911249
609289
70264
397517
917276
699280
295697
444072
87023
348542
174366
449398
877170
383480
745130
885957
370573
555201
602978
487914
441170
681107
321263
131989
382580
897177
995819
2690
772371
136392
484187
683620
745681
70804
597489
179309
286436
893186
139733
373459
241729
314100
822857
635251
213932
567988
521208
584505
639541
640539
72419
80711
321646
393682
729052
220578
290859
241223
223269
579582
377615
223808
263203
639649
294612
377044
335310
581049
270231
475044
470860
28312
789144
293718
663563
3076
378058
701124
103934
533951
341663
692705
131015
179661
86388
376419
400240
893599
617643
623509
473182
511610
847317
252737
667611
658282
629781
519274
755683
416364
994318
226543
444676
299814
36613
108240
819242
931023
325716
439528
464975
667379
132234
112342
847040
218622
488761
247280
628573
622756
387141
618107
134367
234459
870844
318330
409093
16978
837604
164776
433342
348274
907671
394371
648088
944285
18963
983683
391660
344679
423211
372987
12058
555445
485329
375450
290419
974091
139083
918993
113199
526224
53452
247566
277035
440649
82249
686128
457627
919853
367256
407321
784480
274928
801692
948920
735565
820655
932603
643577
681686
872167
16565
693744
943964
501894
585547
234384
992337
724630
669729
105537
767206
723181
869455
560594
163830
951704
763074
137809
387910
130331
61483
172390
921611
863175
121310
173528
200183
570266
817105
881869
442433
833670
91966
386397
851917
193865
137133
844254
434847
806862
949791
202053
46396
335599
278999
210226
287303
42074
864388
191565
172405
925871
880307
610368
305398
517970
783896
21933
88236
117353
420155
47021
951024
512121
949770
802941
222338
86904
647195
657185
410118
113339
375590
456514
448938
654590
183093
252593
696664
47481
960511
385421
489704
840818
995789
795102
358788
296037
333388
963376
413390
753543
526749
364414
782016
476520
683707
4354
79776
847255
661539
489894
476946
553481
462761
925884
208071
162206
694829
421087
209687
655340
806508
215743
496159
802297
527197
371299
614686
860585
851028
28077
614128
377777
908843
396144
370649
592551
400498
450425
439806
578389
456672
433104
131871
435785
358988
856294
597991
53817
277382
324030
225510
83890
539773
238021
402540
66970
609320
17226
443908
976700
561655
58036
870830
470499
970533
241479
63050
887383
208257
19208
465773
664929
452312
113996
617066
327652
486642
215057
897821
764024
539087
123331
364267
78860
877704
283159
662182
487025
816737
106090
980077
378393
680479
850907
365244
651012
608739
428294
538395
816996
963854
520520
998277
932518
150868
615343
260170
637511
830400
674343
917887
369487
314027
798506
964699
191731
81665
626881
195108
414755
249324
175186
309500
929803
542445
674744
97167
151184
103038
635562
968180
583244
672435
482809
515762
339655
98152
292284
977166
444904
482979
411406
330743
797006
209912
295442
988738
807930
438676
700198
739037
204352
875384
48537
134155
417830
723281
231322
85366
342671
383236
53547
925915
55671
536356
958029
395327
150861
766665
888845
595765
765996
816603
926509
563003
542868
738303
68093
350798
176979
768291
606187
381331
160028
654724
31838
94210
378005
263160
179576
237028
162749
749475
679295
734772
802184
153676
646451
953045
436693
535297
65162
202689
868252
508023
282044
411120
246327
866489
278270
939658
634781
884457
320990
311161
55533
869180
921723
433538
648693
101299
186918
811442
367127
866213
546214
169311
19889
192666
638708
972934
244315
703870
175624
112567
211894
457668
523688
458221
324158
318310
397879
475291
202768
235221
302804
258301
620754
224527
208192
269447
325826
911462
597241
692953
777676
143455
378616
313917
852473
17324
286852
613140
721195
978828
725708
449441
952848
765748
424014
793358
84058
338245
785001
803178
573467
87805
577832
710573
312332
302376
980020
154511
213838
577261
363816
507866
237068
742433
338136
605894
276109
141340
219034
997304
636520
944742
963097
589368
226842
387111
382727
827253
725357
167728
146783
815176
771886
724615
525749
84218
543343
505769
755081
273534
599382
118898
781400
352802
377683
635888
958696
653792
777228
177731
167449
930100
638825
130546
519469
865668
34010
418548
209273
759367
102628
356056
574543
874514
597024
616644
958733
140367
638765
230166
930253
238147
865416
228006
590949
243099
863894
65998
413244
157475
243729
97045
87575
398906
743943
123396
264574
777953
541944
473847
53672
644573
346256
628215
519087
943280
761211
994172
599999
399976
224339
530253
638123
89755
274611
745425
849207
138505
327775
262451
812332
571504
875848
416260
970410
619791
539656
751337
397745
81601
741536
967769
242526
604144
112337
277965
547424
873548
272138
663776
273525
12829
710381
911648
102584
984992
173425
468143
639849
501200
246946
968534
589056
122794
384794
75819
742586
924450
343508
656683
522403
85044
624452
281281
205541
736789
559247
752965
610338
831385
933093
400215
844214
159826
311863
463150
661170
1641
931294
301020
502841
178240
785906
608250
817387
170700
684069
559973
611502
27577
733008
650258
628973
873812
931539
834514
126954
490786
103832
253644
838523
553277
653859
199089
713104
965722
178592
374274
483715
109886
191646
502909
804478
977552
111159
621865
664604
311580
698190
276107
339157
431198
926365
484482
821363
374256
835349
948317
381395
455533
201961
736270
8810
855820
935360
238266
337894
113952
612541
821610
740190
320539
324519
61020
298092
435678
199238
962696
263610
413780
755155
602767
361331
197872
603601
182694
572129
438950
131011
953524
894483
332972
206146
419646
705144
141506
657912
43038
771810
270453
864648
28352
107345
705519
605725
405437
657549
804963
884485
921159
218743
639641
40278
96426
837513
643880
279120
925994
599182
410131
395870
10018
259455
602017
429664
964599
259875
87576
523990
31686
874382
904990
576390
498079
610510
182115
903516
784411
503430
304353
221923
238526
460346
262201
334952
814212
422433
130425
740206
21616
540556
136077
547986
316364
254446
977650
797315
514321
581578
321305
62359
972312
226296
638750
470391
353158
337217
890259
653921
357000
710965
875844
111878
171311
138046
963182
985523
560479
93607
242082
98447
634164
378159
162785
466880
632605
656787
264195
663278
754718
101853
725638
727030
328149
880740
713774
197659
217957
120385
851580
91309
831350
243777
203187
519014
381823
166370
504537
458654
259977
746619
73454
410493
641130
236239
877373
790087
409379
657921
453366
164097
759774
695356
407479
604275
576096
121253
801934
310405
757991
169866
401715
589341
413643
121254
108355
311818
287624
129245
286825
63954
392216
876631
474447
33347
112870
868173
339786
38601
526094
309504
202698
285868
4860
610178
890143
580956
247783
208429
891362
5774
894647
809429
111468
308291
930683
736175
136461
734660
381772
423286
798614
773989
299917
789413
323688
929140
657586
663474
967741
183680
972979
686792
985900
494191
296970
876043
75148
544753
600824
482862
66880
495472
808643
178348
320115
739326
430875
456576
990338
812648
396215
788952
586637
212484
578366
426677
657976
752304
90151
142070
452337
579482
828862
438237
73674
642184
830633
665174
703289
431457
664388
770169
443281
473031
464869
763396
728709
895745
736325
719048
224745
648892
508000
811382
377728
602718
238059
35705
355023
844562
694127
807360
424045
39341
761949
14071
681525
592582
679245
901166
540392
343633
671336
983673
333016
652557
263422
61725
64654
999747
780773
289399
648639
288774
617133
26367
407844
371544
578424
279219
216107
272551
602931
156504
828244
364881
686927
509769
473815
882524
410936
14207
226157
598624
514233
559173
767533
777655
620898
348540
777402
918024
637939
942393
723150
771425
485112
130994
142969
579889
410214
875428
852440
529497
548284
197037
894378
235211
706806
368194
117735
634094
898753
860244
749070
412986
935769
32956
706993
556668
381496
484395
991044
535787
943140
714194
307212
944605
845188
450182
524494
771754
325610
893286
301252
390247
90323
711982
625458
797130
80176
259546
947576
495282
119790
212999
424620
55560
762307
131614
128580
143803
132361
119624
679590
75502
833818
986803
20107
195358
953337
60953
967113
795299
954239
784717
185546
44563
496699
811005
358045
93228
70551
821973
104862
706693
34972
529482
762253
797279
661096
890833
457434
793458
526809
137025
385312
360627
640180
405419
555986
593517
466372
39451
905168
936963
824168
90715
981526
837219
418072
339571
446799
4975
161545
551661
711668
712869
81144
990274
510149
742240
397459
483935
535698
924269
620960
921010
801248
777492
842781
357234
887361
825505
913037
792530
762469
253557
883245
260347
90777
817669
599919
537576
822644
277816
605590
50664
990685
686734
40938
17186
945326
954750
501122
997377
879019
638434
434739
680267
415927
793873
553854
303288
135730
466891
612170
414551
720449
495415
674899
327578
829436
274818
381506
168432
552634
987096
219097
59671
190182
776387
76858
135509
731137
577980
649238
126508
216414
83977
323128
148693
877850
876982
968334
529933
860225
580504
944484
580674
592272
619383
424604
421708
410553
806111
590141
963187
309559
325590
539211
499742
618329
616069
151603
349467
710401
800841
992327
443167
884818
315455
591861
279021
708789
76547
808954
85367
657051
753438
666041
249323
889174
606998
187384
299727
413109
777525
779267
722668
619467
318478
738762
237796
934547
890365
103615
161300
691206
95943
604467
92377
927750
712680
887750
152892
789227
213056
238259
446279
482846
420652
211954
372020
27650
399338
671748
957111
693215
451015
679780
312682
769493
934894
550479
220392
825260
654094
381692
516466
266389
502511
125195
194140
215192
12945
863384
520771
226001
101643
967050
708848
522295
695357
597220
66298
611047
268968
23409
304263
719983
219541
616945
5828
154436
683776
742572
979696
337871
640616
12514
604260
143128
137710
314752
874672
667007
178136
395443
409361
279779
878846
634561
318427
574203
231781
384725
185250
17102
924486
5865
253437
144028
139163
259266
814816
822939
518190
310864
160810
158807
323378
281423
818287
977440
112527
692959
160800
290664
604754
570161
86795
483600
721074
405222
574155
952855
306299
275758
486309
747138
281623
739747
407518
937138
999013
222334
760078
33555
533198
437240
192362
856576
235015
10649
350369
347543
219960
511169
638207
824715
597682
241354
824667
318756
162929
398823
787963
985580
190933
274273
732718
988908
14020
140236
926047
529385
362570
202477
562940
412120
639717
271655
785049
874733
282304
135418
222276
18617
162939
376835
843332
760621
618189
667999
595729
297470
583174
383692
283051
290459
657965
15769
279368
188337
156006
721767
234074
34928
924244
797015
447049
80313
68670
232098
955046
867326
883868
693674
885943
46807
586861
245627
807428
721403
913627
403157
18873
13153
303201
301924
303613
477519
834046
99333
665856
506404
337452
899931
541332
261696
213298
988381
342009
798320
736831
813408
665646
620699
23434
67942
667506
126648
313569
991286
848051
227196
394443
383276
756702
697645
201553
576667
691516
35599
676000
357372
542003
13452
773655
599687
791500
986953
104421
649861
785273
841252
979621
967272
978304
3056
35214
162162
646056
348783
153449
10459
92332
64244
393735
365386
278241
111640
942053
969757
663591
134405
843482
205594
664209
617137
321634
455709
120443
426055
621922
422068
783659
601544
389340
278315
120952
940906
440478
767008
289690
110279
777467
898374
174523
687554
263760
969117
799195
722165
938874
462786
856570
782356
184733
520779
915846
22719
492840
36289
448774
114762
458357
748785
232658
364050
27101
869962
304956
983931
153322
110998
94210
447141
525724
268733
651048
305836
237850
450243
28001
693077
429381
400923
991785
130466
921702
907631
153185
930894
460272
118311
562009
918630
383449
311019
799032
410550
180982
103988
910833
850656
214987
5043
297798
740711
790128
948846
562900
544331
915441
590901
237408
861174
991825
745545
991641
429879
169529
661178
360774
629801
779490
922783
64783
679291
750154
863815
606193
931136
967804
517026
781793
699143
522069
595943
956206
828549
544789
519106
372880
976582
110008
126640
837756
618185
872186
829397
48064
41715
6928
925190
187868
302770
847973
252652
982061
114480
116467
588254
45616
84271
105280
343761
299766
143701
939704
255973
972250
845
775079
345131
977427
401439
988123
815184
19624
860309
160933
67689
418376
167861
992879
606245
470631
357205
375249
452692
471685
491716
557298
33653
92340
662578
377415
392106
806279
833471
648079
294882
834317
939511
640013
811744
340950
628136
143280
876927
4798
304214
460968
939526
472075
970199
62123
459059
327404
437372
428103
315441
445441
985402
865447
537781
164332
759214
929887
970612
592685
94319
265494
943354
550182
421859
271451
407484
566347
414731
284411
87497
718945
745379
27024
707373
231931
605499
166432
559335
42872
110887
391129
488313
96289
772928
542446
260622
532142
988685
747586
641179
83004
529432
100886
149538
951291
372337
557023
33990
787068
357786
121488
22366
619518
148512
246091
851449
270363
412523
927136
313235
39762
318265
317900
136052
607545
860346
913026
139687
849032
660612
297219
448388
190044
398105
114279
657687
770442
671302
691677
73862
545440
329517
612580
164958
994381
858671
16407
264745
787546
943544
577980
827309
778161
412233
963361
385707
788931
392739
41746
154315
53351
338965
602704
759747
253422
233335
933786
540216
904637
141815
614079
450077
471333
226659
615036
465714
85331
147795
730459
872877
91339
824792
216538
385853
237025
179899
771560
542308
88990
329658
696624
658693
668624
299328
418440
438398
49015
868578
978615
953652
10394
592694
920081
998079
335705
51469
463793
937388
199265
710605
326618
806956
535397
543156
192809
288774
239408
480721
831082
328398
810380
527706
987092
995356
343386
921884
433754
392401
790463
412369
862405
317209
521415
298839
315288
857121
350308
295433
310861
65925
6038
637479
389234
541435
696988
582043
346561
936396
579117
177644
781146
389497
221702
768238
384853
565089
206475
334959
473842
513290
747329
336248
830499
785096
635087
662139
158569
501747
957572
469431
567673
963611
623262
473259
21398
836602
55302
367960
772998
634419
545604
70497
540268
283658
355087
441473
848747
561562
776433
838942
74852
40114
691542
421703
341562
842981
83842
500132
344728
557767
485915
428753
521378
625529
902012
542776
462132
473667
427088
751482
624438
972692
821979
164707
772703
693419
122532
137802
254981
415317
976744
846186
971783
668286
784241
313346
511267
384436
813478
372348
942203
815745
801101
463581
441274
219466
522709
903406
693133
949798
654889
317571
438842
993220
998630
211545
686639
121163
349348
457973
536480
842444
820511
508264
510731
121104
337962
538350
505540
667792
910698
447743
483537
228152
427676
924811
447618
466738
344570
140751
416536
515811
974674
371730
25383
973305
583276
228375
610820
448976
686348
147300
291420
23211
171916
318503
144315
509878
373206
166208
694022
283904
613951
177559
28408
557980
618723
476026
24718
479645
133129
957606
995456
624156
329336
20839
597461
912612
249214
208281
877940
451914
871933
685713
991477
560202
4216
135793
586432
377422
302001
280455
177679
432304
458014
722439
990284
593089
714818
531354
72734
847947
488960
584542
472103
818297
121734
585916
247261
887300
310549
125202
339215
182483
810915
330692
742685
331483
982837
845469
225258
801190
125924
919289
233495
100291
641728
740131
693380
356546
787838
282467
720846
276798
867009
709301
611447
988743
295218
858709
876044
605767
500263
731611
304602
827530
62303
47287
675365
561493
409109
900623
362683
535033
819912
112530
635324
461641
369014
845057
334539
156852
127524
55385
950002
510885
764687
561450
499629
576257
936511
375673
182024
953126
623636
486627
297008
685939
50266
972373
763784
459375
872997
642820
510761
209261
271702
662437
187254
640716
23846
521794
313920
667722
577179
780275
178608
858218
341725
678237
434475
794588
570262
616500
264066
193898
619479
561074
396189
186097
533447
676326
645473
406444
319146
672586
132058
107200
335023
319312
264269
358870
841106
578189
26592
934638
358464
721552
792856
216541
916141
227332
527481
2755
360184
791547
196653
979663
352621
109195
165760
886069
301873
327585
808865
137371
171
940923
244571
851547
776588
508840
726769
617694
603382
269713
552332
478198
991266
345189
694740
907407
88873
222221
910163
449057
530121
623168
428720
882742
248715
110832
285163
550588
954770
610381
204311
471293
67656
448883
322840
844244
474075
565961
461939
77457
835675
530623
555656
826941
392164
766748
734348
481037
505321
160863
446446
35442
784032
391518
434537
32747
502351
719700
99688
973473
330081
303999
444766
914090
269234
767607
758334
743310
849920
736625
820767
685595
267249
892775
512536
659413
659523
763237
656803
681197
924100
103249
716639
224484
494768
667528
257232
513471
903581
873272
486944
750014
693623
931710
664104
962858
215669
422439
706168
65590
159064
43287
751185
942665
452415
780074
118431
628290
543311
775234
309487
467411
394835
542479
208248
889603
210007
981832
919426
629940
855104
406370
379955
548727
854433
44059
511585
586454
982850
734105
652044
141915
293745
919582
84580
746160
699656
203011
374450
759319
494597
200290
743082
889433
259121
951330
295388
985480
933162
214815
615421
788266
137537
995376
853346
508322
555787
881283
94777
538638
131741
263173
196905
425486
182755
281485
687998
398763
849
578800
158082
495446
779090
901165
901231
38211
368847
196620
540044
302010
927787
155465
606628
581676
667193
976326
89999
222980
373962
184776
761618
505703
447949
958523
447541
147057
756361
135539
545820
273562
714339
220255
285360
9782
637772
186592
564345
6619
899564
104389
824981
343703
259854
947962
925379
927047
924288
531730
666380
298250
232858
427998
320305
197160
902874
767846
860569
175587
903385
406389
449149
134077
142996
734509
143859
780768
437453
708204
303740
337017
328946
645073
197072
588800
593035
122452
32200
33676
170534
698580
848278
919745
642930
168584
116905
62156
452782
977474
754095
356168
900215
203244
6597
559564
454106
150456
856684
891559
375012
676776
744929
220310
321850
942001
325463
431237
580805
357663
464913
751340
572595
829544
671085
731877
998128
304342
310386
450910
798168
64481
323430
214735
784078
846379
774299
238184
513187
630984
646095
404552
307760
907376
624862
629610
849378
950325
577200
430183
824340
42113
697875
913287
388009
885312
161517
386137
706006
471903
353400
504174
52736
193182
718910
836814
39562
9561
591350
69101
640545
753798
473653
464658
661174
98516
610620
510552
565193
187820
457088
389534
746286
671315
819173
134295
72980
980690
36785
778986
968945
906537
799513
21682
616071
34775
374848
171985
44336
966199
241087
201234
719997
714740
182244
381171
329608
792864
408076
894802
497037
381516
800688
243323
52831
619861
893970
642163
116904
930755
421150
602201
837292
737015
623883
453364
771790
998732
625349
332478
481283
382788
50064
201280
97529
232308
98803
427137
541525
23231
838291
38562
404747
638979
281885
973931
775193
175855
132446
408449
622963
69948
10650
976607
806963
634534
946323
95105
149618
88025
427584
630901
470813
994000
348533
568342
226309
963688
511832
767834
986920
350123
806396
908019
505455
604633
398302
280648
296840
530749
689097
436155
600697
216099
412763
924013
850633
359086
19118
516603
447111
963054
663856
917925
957055
528741
2619
699716
492430
514451
467550
995702
380927
790298
420073
886382
911283
334728
167030
724475
381829
372479
160631
982526
588578
573394
422891
955564
932480
442010
988519
379592
405064
652376
813869
878471
181117
816488
578187
189899
847292
562089
701953
228219
868739
122027
114601
780022
456755
797983
20850
838584
170462
181481
337462
275392
754875
760354
747308
203707
718716
735828
99651
640132
388204
913520
518604
85673
246361
613143
791925
93653
691585
493878
321872
560324
615905
952825
856699
589012
750808
877549
943948
437622
59030
281411
713014
330257
558117
460323
533964
793185
196151
633616
433317
100707
63488
468273
702732
309849
597769
494657
919854
289354
988536
241726
849678
120793
194551
222729
709806
461711
100278
653754
899333
159308
451517
612348
5917
525986
589023
539882
319171
301526
689850
268841
918585
753338
253466
621317
579540
851235
632327
499394
656941
620863
257473
506620
258008
452024
729349
967814
430088
345980
137921
329421
21640
105790
941769
27558
631777
47144
567440
467300
348670
257290
736141
267255
526980
505960
404925
622872
873547
37252
122267
530489
174467
379740
553461
432475
348116
799162
916642
778204
145142
54563
623978
166783
676705
565747
194341
308482
129244
278133
292135
477914
51775
544628
261522
578755
50588
666447
717980
924136
703699
840247
454625
394518
736339
8086
826993
600807
807248
743635
895364
468743
314550
519342
635526
991256
601441
346219
816090
730685
624352
108225
724952
676127
652854
986474
771234
703442
169273
489214
143930
389324
845813
598555
783842
98504
122993
127187
699312
446594
870823
111028
915337
701725
630370
550863
209333
748163
897082
25424
995201
521434
650001
720153
713913
302855
222979
485147
522650
392252
490714
182932
781576
336527
781488
81770
435032
420833
208957
650696
867427
596132
761724
782764
297858
908446
849979
507191
172961
263413
48967
168162
301199
698969
404667
15112
518176
627646
16612
40826
536250
507326
223759
834178
360205
521599
915948
311589
458784
641258
962285
326212
237390
240361
625328
535248
665159
475308
558792
838121
255073
124111
522635
556273
823080
927303
571385
341257
71301
587997
898435
607552
611675
638546
441730
971881
160145
874031
283470
135282
515289
762108
461494
752679
518821
603174
804280
700333
594834
879424
54806
849908
3535
577441
406181
826616
21096
977566
684225
92398
81916
582660
699950
693591
221207
658032
181824
897704
532063
981647
549338
47352
260107
10832
316384
778928
130359
637016
995613
725193
516440
50419
575101
36327
627861
497634
862943
648957
991553
63520
257707
589821
162533
957657
283412
900092
615690
981589
314148
664105
479588
863487
227810
739695
390671
544194
34975
521030
181210
30589
246224
214002
81008
337677
250329
225221
351664
629625
874179
343217
693145
648238
933038
855678
605896
732802
272122
737938
230743
586271
918395
710331
449758
146205
450026
840429
690399
485002
361460
387961
515591
124036
601963
112951
978065
368645
338173
846081
998270
728704
189298
207767
376942
638688
579798
982838
887843
851920
237128
118586
438191
155524
828918
887949
301729
795296
244731
508481
796650
122543
896442
312241
246579
14758
941545
740996
383403
279718
587078
381673
8422
292728
589440
385364
931417
169238
884555
819260
537511
121683
454198
975702
793559
799468
380004
95289
594765
624735
120122
391415
747278
16564
220009
510209
31322
161554
251205
931077
441272
354635
312750
966046
647364
418543
351410
95133
104133
235965
430745
641644
874001
884943
133699
667560
684412
513703
762849
795529
654790
882971
703296
402068
415888
439657
428629
963562
601211
679834
894640
558835
550822
723742
524881
198186
658637
392644
293319
279123
628609
240416
437119
502610
125359
570818
170171
326123
84521
449372
638004
739311
848696
341301
657731
780936
780958
86360
744498
898522
282547
155490
973709
833369
395585
14943
547907
570574
407587
357578
849697
36196
597994
286817
55159
239705
857635
741682
82181
458509
707406
720185
714172
556102
577838
888256
853390
875149
974616
114241
773671
773515
786083
747380
123236
181668
278675
671143
752243
686262
28721
118292
238811
143067
405109
293970
382773
779097
35652
464954
237606
743058
185139
468130
815513
762978
356386
185255
638127
847355
299496
928150
620870
85580
191882
744107
783600
470558
931602
535843
156820
476676
170488
395631
619743
575597
205953
2516
354694
241605
467470
108652
501016
168962
93135
832881
448292
449521
18136
602771
296876
317633
47273
434099
919565
239155
694558
703165
226065
626160
755361
382886
102836
925849
294869
238932
17798
500823
241448
888845
258780
225271
513849
276148
910585
606984
625381
358877
56506
643518
478000
869734
477503
525273
303833
913420
280780
514743
616585
506846
140904
371946
889732
760092
814147
700953
999024
831946
718128
756825
237143
493261
498448
750992
769409
409033
357977
394791
284262
414483
554661
762262
800569
548516
287535
104403
461936
568315
135498
78521
591513
276402
966820
481245
552847
297319
698551
68223
645617
416679
341400
882760
909940
839848
633753
195702
248881
991730
106845
49495
922565
661506
811757
239486
726374
615644
860241
188310
700312
995740
783183
291825
788494
750003
289423
341341
563675
987974
925917
209292
921005
267317
92053
347298
107166
242158
59352
872399
750240
166197
921895
672805
344055
250004
428643
70429
865649
288885
775091
82313
284625
558274
374138
73119
824630
179913
930813
388305
684239
856730
597597
605245
124047
206002
468895
747565
448160
528247
136317
198400
210796
574564
387557
554851
824568
816201
141632
206569
105086
916723
288882
389711
474997
179373
979182
299627
359286
909995
687932
43526
766725
801882
165123
407125
7884
150370
671042
456045
678617
323711
170797
405765
898275
558355
960616
722844
374556
618600
929413
479642
535323
734648
385705
10320
914021
364887
826300
273307
274883
30584
833185
557960
832466
998308
481437
356703
665030
152480
329100
343647
476191
499897
265764
890819
58252
226380
613663
949160
361332
59428
945154
896655
310428
330859
423328
224449
212099
249628
14109
3334
280212
847294
561294
629031
361955
42732
502086
26985
711564
831186
886985
704107
847435
152749
594926
905688
895482
208589
371200
256814
784370
316355
153470
94798
647214
576798
835600
375665
342778
849709
378999
139342
697003
940294
768373
575310
499378
786811
602296
210942
134349
5633
431401
981785
158382
26328
403825
570216
751269
775025
827031
535639
91380
496853
146790
254947
590003
982390
146964
449133
832099
525964
588475
45454
982610
873201
137117
481988
660012
739413
209282
794362
261398
640683
292499
419780
183363
696324
506349
934633
471349
333380
986624
79082
346585
133414
850381
452940
632156
997345
902073
980607
523309
490548
542414
22271
880101
679531
504259
540114
935296
229893
850828
196694
386929
143327
616474
570292
356003
122823
21277
827352
972555
7902
422786
835492
657668
273167
288432
289825
786865
706857
270432
826526
713758
812846
848798
593859
8729
353057
650325
944025
99303
17505
140719
486232
160832
273546
572876
516835
396369
594154
860540
885277
118408
799678
237121
776076
589198
41906
582253
376063
748763
369038
202589
978873
181884
51387
572733
706966
920797
739410
650991
20100
756916
791711
22684
917748
65257
111912
950936
977978
222418
327828
379607
340826
127506
616729
633255
716704
658635
215508
609119
923750
584546
811709
902624
282783
379448
991709
989749
300245
731119
640740
836697
488035
432451
375733
922136
14060
3998
389424
992039
226416
717252
371646
567243
844758
504727
716850
77815
163362
932358
686934
603465
516905
14995
22441
316040
394444
14150
305789
211041
261621
462881
47739
749657
895333
939824
188145
909393
943822
577569
417784
170239
294821
305783
253834
655931
810510
970684
250098
490225
419394
937033
93690
936299
468380
632483
768691
862824
646633
74480
590218
424606
537362
637957
690615
949047
94133
878760
374792
37956
456329
792577
724547
267502
614712
978381
923434
425222
465417
689884
915447
884811
143269
525489
337463
611650
157972
106154
990826
320957
696987
581044
745564
750701
219001
436179
699748
829487
314940
590892
867443
287621
899821
591990
555124
514533
86723
994910
939756
552140
684794
855203
953303
828064
380693
807118
439714
538665
913273
430540
859623
126612
11585
121539
877313
746938
557718
93413
92777
872658
684305
960220
160280
584127
68562
231756
98660
155285
226666
38416
223777
911460
409972
177081
739524
790665
984199
695590
845682
413824
642483
221657
56788
170420
343196
934101
433710
417267
27514
526488
806277
228172
486708
966557
812299
555271
714665
910959
226908
941331
465728
450686
369144
875700
144119
625020
182717
644670
320611
544751
574847
479446
766409
631635
649866
625957
82089
83576
559576
625955
610064
365854
854127
613125
848763
666426
684748
563429
93738
911656
21112
559466
878694
390256
951518
22813
15277
134235
183836
852240
678986
758683
331686
961747
390318
981552
104057
988759
65128
663633
614715
191545
545839
985194
804670
394603
167973
489418
474384
261711
917426
495496
337529
796121
885753
289047
335286
901030
939634
519122
753270
134972
277805
601308
613072
184476
582860
717129
173235
164340
897114
304302
355885
959306
289497
676907
353909
457470
682677
828293
235533
600104
323789
89414
912577
725894
894813
247863
626924
350799
766986
896546
485771
561143
497854
98843
745619
597066
332324
435207
761407
229439
739509
633644
188745
545358
826904
59006
519180
509581
403651
271065
626037
243792
360479
538614
969687
771644
302830
112963
122443
69816
525862
124567
630959
540068
223410
892931
137135
555735
328138
414894
301526
583999
564890
6623
129358
391794
581981
164890
417728
985632
435956
43765
229424
312787
98732
715463
600784
917914
828427
723227
987730
354289
364146
135041
894357
587557
544324
547844
659644
872462
962738
477522
972814
527629
484145
618524
435775
582478
783414
853503
568110
735722
413621
313886
564862
512353
29350
165646
430267
374129
405225
934349
244770
769372
585742
655479
873281
130067
203324
532925
518881
682414
526799
8047
726395
527296
626571
162171
109774
926338
532026
194236
662060
945647
508122
743274
974352
53824
425272
920971
427953
346850
855320
672723
116222
957415
844555
505855
603834
47879
555132
639067
246645
81931
647115
973041
609227
790038
651564
719001
716376
183590
913237
894789
645590
937711
638063
619942
991536
63336
540914
935841
410186
912586
124917
42760
386353
969472
548615
990187
533703
620099
145607
780348
702030
309074
753389
827609
99112
921305
62962
815489
621248
976199
710278
266838
430262
864693
403132
421798
444381
944046
873992
854567
372985
998909
413679
759338
968381
478646
265878
18436
98745
927837
798784
317127
236911
68526
144736
336023
989831
724050
667864
127431
700249
894494
394269
646864
275540
797402
68662
719921
257800
459006
90841
147137
457915
504520
422828
942648
983167
688706
961084
598264
132895
276221
431744
369806
344747
92832
222181
850930
816883
406398
978362
33484
817244
372631
680348
92784
686385
749011
812706
460538
724369
903547
607675
698637
924419
30503
641285
423938
235561
118722
22203
368456
394943
453947
254614
256042
63131
993148
106972
880014
399546
85334
913499
733142
457966
593847
825927
660703
859210
638633
121241
583580
58532
728917
282217
982951
275772
439854
406890
511334
74928
945445
879790
986223
915744
650757
242265
978875
643905
349238
858890
559803
434572
288741
292945
408890
882588
118872
585946
741799
273857
707187
841731
848741
952456
640300
831693
228229
80154
754935
739563
155083
700380
135705
657658
616124
786462
899924
111351
946719
765514
970241
506522
200086
258982
315820
125329
657923
951044
711275
916074
741254
934814
757805
589995
887271
398105
938040
115500
994611
692975
371415
666046
393355
507120
323705
525831
809935
223629
637183
756654
505495
123776
779529
705581
899111
611701
347262
557034
79097
574889
473108
820351
509704
747265
926699
913327
661722
864739
545179
656333
557715
916594
838732
467422
940066
162437
509606
750001
902418
663141
23008
407913
786917
318889
629846
202380
446942
493461
275766
526039
68350
265226
346391
94406
12491
273090
7733
674213
654181
69264
846899
211896
985858
685631
195671
442277
364420
221629
708630
266838
884770
247990
191103
188039
566879
820949
390420
530173
830762
666186
56213
899113
447765
918956
509871
460256
708398
33957
650822
362579
103221
14073
90828
605432
216056
286499
47709
580476
24480
272691
363666
909250
520682
554769
613641
603913
892070
4061
134087
722833
186600
190300
138298
634365
109256
648169
610973
817654
198478
778147
696585
301700
792220
787413
423484
8276
73912
987545
105104
98392
260236
468770
523994
780918
23539
137636
384832
431962
658049
518919
154795
361001
225571
809445
511718
851179
457614
122692
185185
172445
417191
881770
990497
725764
669184
413981
250392
259448
917878
355497
874193
178114
824267
398187
475385
364159
52175
860217
312473
710225
895488
467268
71226
637411
276713
99297
488590
250679
221989
673775
423124
155532
71897
413621
881296
741081
343954
131689
516882
261832
487186
391075
956299
827805
305614
431684
708316
357790
808253
20789
584367
703741
488057
171945
857504
281122
271242
346094
48154
9583
536221
987630
165116
124470
917604
46412
381904
261558
694453
898786
39743
181639
806213
996042
525797
111827
944078
234113
985969
752331
254903
86688
972424
259312
258634
829928
56787
46228
692374
104941
572164
228595
608923
737280
869417
526527
300044
251321
304438
994498
150107
344181
692489
956320
856575
218286
584500
800653
452400
86821
69336
223655
173510
41760
482967
948496
871688
56106
994724
564062
677399
566888
309009
286323
820520
178426
812850
120565
946100
633640
631415
96207
977821
323904
568880
350748
542191
669732
667753
510943
756553
737089
250950
930063
778849
733917
878559
650537
306376
389636
730951
983775
472876
556312
270098
293397
251091
599301
930314
197191
232941
561729
809750
727115
401985
378630
77863
460528
48362
261969
487823
321268
999058
738773
251331
777908
989043
646243
944797
295419
552231
192101
795546
25107
264765
65645
318504
515856
181298
765170
713047
930591
843251
39150
657706
245237
934132
251922
222117
982495
513891
709941
820115
29301
448714
587798
807209
437757
234041
268359
733176
302624
976812
528723
327732
241577
110720
162588
757434
808370
927759
986833
738961
287362
25983
913020
532599
960116
164942
754717
458963
195185
464658
279078
224486
429724
866876
548048
867482
617270
332759
117010
919894
309571
162085
763978
551148
789157
442919
824934
597527
887030
811768
336489
174392
354103
765861
706992
830571
447155
978061
289534
642340
959071
84964
383178
388795
468193
447578
772629
601815
296689
889640
38061
606260
568077
802040
673761
357235
761311
498695
954762
648341
826815
807603
822733
180919
573464
46077
11490
536971
24138
817377
695663
499561
418693
78842
404709
403238
42772
177338
5053
339462
583330
43115
462074
151408
361507
135835
508643
122818
634531
979757
771159
461346
303713
110244
158617
393529
156322
686460
930501
696812
20189
626164
712726
438882
221358
117435
842121
264131
811125
363526
119945
394456
922993
582019
62216
284500
717855
570859
923670
868738
66968
211181
846436
370681
321426
521406
280563
994100
207866
211064
690912
228055
353580
403638
183289
574939
37425
541762
355422
848551
905289
475367
243007
344634
573738
305223
145487
291593
392434
69157
676683
975754
796691
523120
862788
634469
44526
143351
628569
768744
870767
835833
513151
224347
755824
212792
315638
793249
754555
187412
641800
176196
662779
401159
520830
752870
222734
182669
560815
131520
768179
237499
107275
564870
276971
970063
715691
837849
629766
344260
606593
500533
696445
636096
241232
968621
848888
73223
761871
119795
260635
920023
295991
923415
837535
333174
192637
60269
32195
753452
191790
800374
990951
299065
881596
784274
785480
597287
622123
415246
457899
745068
432131
154345
381164
673363
122966
230053
746586
401189
349848
7222
837565
162192
446989
675100
11718
155978
735369
43913
909430
443511
360640
900382
258928
242236
684656
44408
839524
823132
976006
297423
568200
408137
968120
949365
597853
607439
695770
860791
524980
561970
384365
362545
240514
347706
37645
768584
503684
289367
812498
413115
249230
173138
829849
508159
931726
30857
68919
771250
853989
44926
585026
938542
453063
69498
404259
567268
676937
100029
428060
718270
178351
812425
80815
418866
676484
634813
703802
180168
924180
516300
593283
173410
205790
939484
197921
137517
970342
266841
425119
340683
311767
526497
279225
281182
595996
683484
848451
789285
299865
792863
507555
994569
121640
588371
929787
798124
739536
633589
494645
180068
149890
87928
353478
872032
543765
67752
525901
514107
334593
951021
371142
162712
477518
166720
443894
589866
850204
808697
379152
666422
117912
403059
660991
239553
507782
590778
554029
247318
224367
48674
427386
890609
652955
297217
278994
713072
364969
804895
227179
699562
272268
114673
862274
266139
281393
822520
372357
647950
147570
751509
830724
265482
670921
491715
21387
178703
598845
91769
426022
339564
140443
853408
746526
309750
666977
25520
22822
31946
346767
766353
247860
135388
397379
626486
917879
678772
965359
290236
326722
112929
558098
673798
894763
229019
165513
916151
407722
280710
7920
350096
620275
664715
719857
883153
490818
386834
425025
513640
935133
288144
796346
182993
939884
193725
325832
857763
872497
291191
664352
715572
920472
738802
389370
815235
484173
71236
247738
408247
868298
255658
758344
4925
436726
994553
888078
927544
381387
313103
957536
832872
117600
753882
532218
57484
947607
858050
915248
336457
665593
95952
568381
586065
351106
474103
917652
835279
545339
165391
243526
413638
937401
518222
418563
374127
512775
822994
301671
410515
652449
259208
243387
770049
529442
775605
827534
993402
150007
259134
329859
815600
355086
414592
918017
706192
888695
835670
57823
950387
517413
301349
880377
454814
335924
815292
828942
365051
638286
646965
775566
807088
422525
535306
577137
468320
310911
404671
461722
977271
663805
307933
792871
535243
722525
227241
241435
127572
62911
815610
77959
96676
116960
958336
551490
969236
289981
896784
334287
444619
60102
626206
251707
998979
161512
828845
467299
988775
233516
445373
966046
413674
753306
275270
948917
992183
502511
706705
119756
81774
522315
197715
694802
155627
672404
246292
641215
478737
659429
975503
923356
235883
118061
175064
234862
795925
3909
218514
301052
753777
663887
783451
683803
417194
58721
149073
409377
77584
855778
45485
675710
894445
759553
370512
566425
948309
616804
207640
427046
792585
699495
350402
28468
817556
41818
263331
613481
562079
998197
430886
315857
662084
214337
516012
595630
273058
665085
521360
866994
37215
566845
542704
931661
326398
913216
498086
274707
46372
705726
701753
838958
405222
568508
383778
739130
610326
163461
868964
172406
161658
299850
4615
823743
514187
36979
935725
787245
702065
457085
654239
739280
23931
713295
187293
866681
626511
685379
657741
672883
907458
359494
28193
829032
444354
411972
568162
571033
575433
437126
259791
737092
253328
780758
77187
767515
817737
12912
71112
519802
986350
241703
775435
10281
954998
962728
393314
581509
648108
51055
770745
71918
926902
798938
900950
371256
727262
469112
458641
302696
422591
718432
556140
675919
499190
149679
959787
316928
162591
30899
353082
665293
788955
644869
675574
743953
607598
585241
841815
772058
636296
128912
843976
79550
444202
261278
450807
171465
246742
909448
990513
185685
144233
546653
377957
643423
696332
337744
476703
375275
884995
829786
40569
673950
991007
232495
934256
598605
334088
292423
887015
970385
421335
730991
49935
865537
508621
17094
553354
755364
442895
543867
941049
587128
90520
319006
746903
303204
656750
223607
194832
58098
569745
751753
732048
560752
984248
182656
675710
318337
475079
562725
805074
412766
810069
371361
278304
318690
904808
831658
590406
864055
375526
531456
967535
982398
850462
714438
801955
23565
454397
996787
81663
540494
748540
330063
617599
249140
29072
293309
83829
504151
372386
888903
916918
698807
776617
711574
17498
681425
59584
124256
545480
951462
655712
513015
450213
22527
743805
252168
562444
714555
248955
644107
255049
513847
490522
389000
762987
519594
198661
846817
540098
571048
252072
973368
269855
28689
201294
803705
226466
260878
927962
288298
728693
100026
317665
178906
122553
61471
431074
684997
776026
196381
845456
547427
710228
852331
936428
473215
888277
135089
836384
944727
222489
88457
918095
8697
117146
119389
328754
859965
896620
256716
148263
625313
873095
465929
804219
995648
43752
751645
196998
336130
948026
558806
883557
174606
411137
336337
164173
299415
987779
558
244142
210268
89015
678590
218965
722513
314331
547720
582478
210951
320788
247094
352616
710235
229375
673187
705884
273127
424832
419234
609257
889210
978040
9166
580168
389178
861856
744342
204945
849635
744900
965439
576255
350267
644029
311573
72780
474713
859293
171611
685664
696433
935057
554633
406669
164432
227820
628905
437559
169005
564491
563168
574567
542531
88686
154736
448061
466894
899078
653006
316529
160330
134798
409137
510597
295179
720710
99729
769892
96355
787692
455557
792788
722749
526542
715809
887181
754362
861066
841092
923367
425557
404260
14287
968089
9299
169023
932502
476193
584453
585509
309075
744783
236659
718212
771732
531838
438922
871461
301731
535277
175506
273640
844417
898255
800182
76579
785437
554544
937645
626529
994264
879555
547142
8551
363996
72793
693926
296498
548986
278379
398359
858061
539514
635018
92625
827598
683209
47899
215411
984940
99528
390917
258580
943946
289173
575114
536877
590962
646010
990874
733843
156626
870429
797337
681529
750777
870130
375455
47276
419117
170186
961987
793530
226052
113358
886156
53650
796567
450407
269062
781507
549936
659979
556439
10234
465504
647905
547111
572818
293915
54337
306662
450542
441119
103999
132071
191896
974130
23879
239172
909599
194065
717512
703129
936470
830870
105637
990120
627437
556045
775534
925296
105981
951866
998087
632567
417370
645992
696030
990189
939907
750367
813203
906801
191486
917202
38873
383383
407684
579104
138907
317283
773169
856419
536765
225991
203641
642402
216112
831078
714799
507998
272726
337132
459864
270813
969699
393587
916805
665729
900128
373065
416097
713331
279866
607583
146885
835091
507318
554570
930547
646226
388205
703717
18997
924970
929708
222639
83725
662172
570069
798524
170171
842796
135657
630035
113609
105356
539974
546767
287438
440102
919832
703535
153433
716050
827470
816671
67494
334789
887593
998041
497367
275798
218110
516364
717121
664171
739003
800846
326343
309073
115722
12866
151869
251379
159254
781830
873088
699228
328597
160526
139331
248429
864061
809116
480832
207883
142139
548326
542672
29732
546367
40039
821883
280830
556404
539004
945001
811759
856202
787696
637184
971924
800563
305405
739656
476169
87236
612744
691749
415833
773270
347432
180615
153683
672901
177799
361566
815040
726125
420591
844773
788844
976982
183008
69674
49738
238364
531027
861498
94566
318724
15034
582842
635639
320440
322498
628160
407676
451594
319909
339861
741216
667342
36828
894899
340243
214627
772818
155283
457104
709761
516408
762301
686743
699416
348327
736482
937780
879355
114332
548698
714431
129366
131541
866422
449806
970391
494582
373834
938338
814491
230048
679554
481833
266876
90806
338428
997856
863624
10064
971312
89737
526472
249965
776480
742241
598293
29314
196373
994000
143646
745072
224783
273013
392965
91205
239171
879708
585787
613006
818046
400278
843054
497601
398464
626282
588407
253244
624138
968383
263308
111803
574472
306133
361768
867304
48374
476413
896619
244747
470413
40265
506171
211548
829630
415488
302753
68802
811549
888540
198160
629595
805171
41214
643548
719987
667496
748307
973231
807987
233042
236540
919790
807514
542673
797910
674819
107399
274324
87790
352146
261089
128055
374670
472638
474038
306510
291743
59192
118059
180284
257352
747655
501807
298566
907555
221794
482414
655863
711377
806753
405257
947917
726543
212772
6942
40806
403943
114341
831482
491733
982840
92571
136140
873862
81561
610178
180372
373305
669370
298432
69941
443074
46087
571748
741640
953642
309894
740407
125857
21271
547160
531115
485541
790056
260239
492483
830862
664182
123177
662344
672267
106017
271267
808407
979879
352829
934938
160251
242486
120660
975035
312427
563735
21122
884175
821727
491117
710421
562134
133326
731692
109295
180793
217233
899351
441032
226069
246565
621566
349246
425261
293833
971615
696528
102241
467846
565709
553531
144449
808195
674191
119485
636974
237926
656959
37501
59654
664428
747922
138140
797755
995967
247435
978548
213200
663138
419581
955621
909703
41147
821219
851316
851333
792834
547845
469926
777032
629906
23457
921482
954454
697648
40967
591428
451927
214278
628930
27933
878707
893204
166073
676462
889171
413509
171362
618724
76647
107295
574345
502703
664795
395565
354019
516128
704751
418216
986054
481784
564475
9511
919618
518929
223511
960585
626709
675438
174863
771991
703371
569922
665196
869445
246384
554367
799306
934099
173091
392305
41394
263789
411360
706189
659354
281732
738669
880457
699948
241075
878593
780775
250586
798211
816056
990450
275148
442766
665888
966364
731109
885612
536286
396305
271409
299023
467025
70715
233122
640116
979372
274516
903905
390733
497058
79611
672465
752079
476421
888765
993155
355014
669541
760093
153226
485597
750543
944726
444715
416432
911090
175825
818396
447377
572130
89805
746400
555507
160520
979522
195624
656244
770390
615881
46977
783800
211845
719442
535880
204618
608208
529035
559632
794101
289128
229210
279698
556024
173937
240766
972456
601379
416591
790852
48756
505073
397009
311508
60581
73881
807382
772557
730125
577773
904790
777103
877925
116635
12897
413805
321253
621105
459192
397238
931558
264673
142800
211257
820697
833089
452023
309505
434469
384966
616709
483225
890039
13718
311086
466972
603951
118468
239529
334076
696241
144320
627531
574167
777307
640429
504324
98561
777886
479869
12151
709445
260894
154951
437054
81591
988041
405429
907448
938862
790395
524157
422087
196786
54227
249525
663759
658178
367994
903288
508606
580587
47608
136138
671106
824916
776567
175431
439829
70805
171652
968332
780250
432546
639635
217304
30489
627676
622733
937937
566538
929480
978446
504978
126267
32673
270855
790026
207203
638849
693314
715809
219437
257275
368299
890543
598543
144866
582326
554724
732024
270330
39408
512274
702876
679043
245931
249717
823072
385016
187654
389610
314497
166100
410940
957116
715125
681796
747142
438680
836997
956808
670842
56434
730435
39141
463330
845330
700360
562008
400054
432384
832339
439462
944658
51567
634858
706941
301285
457930
91958
5291
363892
922807
687744
774833
879923
402869
972981
143417
357902
809978
100225
28744
382765
347013
67885
362447
192343
768245
924455
108750
200629
273146
64564
661640
841066
699422
368581
142351
157352
976891
663994
521245
416050
351738
812430
295973
754608
785411
439390
112510
111741
55968
657606
10858
402981
725491
373305
595324
493737
814113
704074
210718
603611
768639
388710
444677
984413
273644
103380
141766
250535
767375
663011
182938
119113
475441
478911
390073
777204
434654
18935
405297
6974
676541
416156
409955
402033
789461
521631
412122
603574
742058
139192
207186
27049
527903
168215
11462
801547
271596
153228
568434
38971
332591
751372
674436
324384
746636
64510
101588
697642
83445
506886
704616
276339
923042
114571
678372
228855
152554
606846
348782
894612
746038
72320
438013
273941
240535
449476
591840
512131
119056
676627
67454
451648
427999
741891
292384
690987
322753
393973
388629
406198
417211
93245
198889
856605
724168
393613
601812
876723
459
950594
287687
262850
539266
725701
53143
779802
691529
644984
808285
326937
321611
392092
294937
265962
133983
587322
473302
456736
497647
861931
379286
431210
471529
94528
287815
195697
488141
405979
588772
488601
356574
392812
751451
895840
634865
804594
191994
326394
965930
516632
653331
803893
908724
948269
586208
42707
51943
59510
15795
549590
921441
911433
980800
392970
5961
784967
105020
494103
190946
693792
499056
63872
86604
250507
476065
721469
571453
184411
564215
537384
701043
733899
857629
609767
198520
443837
168826
250463
503347
184621
316405
941141
612407
297205
334111
618368
598524
439131
628823
305822
649276
127879
369695
252232
894738
362112
973702
466192
546523
54269
519928
247567
788168
893909
373686
986688
337747
542513
237151
841094
243486
553556
782235
855893
367113
632699
990614
481989
588182
619437
787812
237458
263669
157507
489691
158407
35971
979745
140951
582494
34014
177231
346413
822183
71141
236452
325223
408888
778965
78727
766334
22451
148635
548570
878345
515749
697621
868959
997738
285803
4748
301902
39614
268417
459409
45657
426825
11732
25402
84128
110579
59416
261360
973344
397951
332501
209796
723175
741389
988761
318254
507723
11213
466889
572645
405910
498990
786618
791221
496729
72422
795969
798631
628388
64387
774393
674045
7564
302477
699447
91692
413056
275215
353052
386401
189519
201905
596197
429046
943294
584959
747300
967370
112524
214189
56367
34786
713180
842986
826007
726261
431760
138328
41244
60148
719067
331989
734193
726631
634467
433640
334676
47523
225207
204080
950276
414726
405986
546474
843772
865632
647785
591072
349354
276661
321614
405722
311447
551146
765060
653806
277407
196820
792134
835003
256968
27554
166993
507513
754185
317812
941153
605213
881687
682712
325646
831964
97439
731632
894790
457563
113616
542575
564988
462971
335588
886602
385045
163387
954100
150105
333545
747859
863277
125679
582862
636597
669585
266207
144110
940123
100371
601615
545336
982059
284327
870982
814023
898118
118966
225165
355682
748935
284092
437022
211906
619680
839976
113303
783067
794076
779760
116612
541935
643037
758643
641149
279634
428229
907357
940096
884704
7728
541711
430040
989787
342390
817375
320162
240509
452693
61679
112543
201628
345771
549565
413534
965451
905893
43189
264870
699969
822949
897834
758256
465986
172830
399405
261972
117411
306762
718420
2115
830843
260131
948507
336982
118874
765882
173497
875735
218576
235176
988278
420204
580948
54195
350091
62751
960088
393280
843974
176409
216230
258160
934665
198568
947342
334070
976893
581105
157185
695313
583220
988028
471797
48080
841362
590671
330314
14859
466406
65242
250036
971036
1799
347336
25231
351890
926439
501671
261522
286765
678080
994104
61278
129097
709025
8620
463167
685918
589726
136704
897583
689298
641084
369380
253730
482447
476403
584045
497306
942809
649287
263694
430197
651086
127382
971780
519328
570174
473451
297203
856939
667883
291307
918217
313332
332
443190
776500
202602
32916
429556
616538
238566
70641
502270
492297
553088
978674
592694
566746
437835
241981
830441
868033
409420
474175
839813
445100
44349
829617
742303
901289
13852
33611
335858
327185
550295
779048
620037
269250
328316
49593
885788
566883
636586
904410
575532
189674
883084
168226
756421
837272
926559
103214
705305
335979
577389
61470
781080
621739
407439
523383
39380
421292
73346
375238
748477
139994
154287
368514
925596
482603
934459
327736
565838
571046
232146
141370
277072
631583
825948
549845
468855
752508
653059
174160
88487
230449
751982
385919
368540
159422
425655
407920
97066
15353
299510
845543
155347
970149
730409
597295
969105
181220
925031
534943
268618
673530
192666
545691
305113
18614
95536
773968
771122
748596
464480
375962
495397
216462
761881
380289
892236
703888
304561
989302
719242
604071
351197
390941
574221
597958
504589
543326
779179
429620
594621
47797
103150
787287
109840
408263
322254
205377
698583
609728
470325
163063
985690
482074
379526
263924
862363
788114
484164
166924
777417
203406
770995
644966
110700
861568
242925
615289
404894
22104
561261
515868
586253
180764
303155
696094
105379
141761
901471
803963
751490
888148
967026
253532
370222
862904
517456
232585
651019
1621
399509
944788
721379
686856
589754
348431
548425
832679
963720
469671
371135
41334
501891
473741
222098
805047
169835
327477
463160
587658
131440
214650
475806
98467
984535
362380
477723
501991
594965
645094
19964
510826
589882
257696
714034
695989
606127
778811
45020
86200
764835
932508
127534
266726
406249
349632
588125
576084
677109
51286
680094
324902
782288
672252
939721
766823
34632
417444
785167
629597
62539
321483
656775
168773
579179
370809
381114
701659
149621
426135
787859
914456
358643
915393
697534
764892
781377
285660
857328
974838
336946
537422
299740
635586
726026
239461
402410
760658
656906
703929
390255
235797
25412
563382
920922
604592
934191
302037
822603
600164
244524
610462
30972
603167
42207
728507
884411
339936
14167
258091
314774
867465
311865
614515
503051
37891
853976
421813
798549
27234
125742
705156
779383
151155
268538
700306
272099
719081
2343
94702
835598
763219
221516
866570
366386
263723
111429
767149
120011
641948
25240
434785
509413
337105
565652
528817
891348
419629
950630
689897
963215
76373
395053
742599
227528
179943
959257
15979
415376
477952
110681
250974
241171
332197
633897
607557
112272
745326
891058
232283
387275
432650
183420
413040
286107
749073
941857
177455
685054
408840
867352
164621
485213
778757
907220
229093
475052
866477
761424
890428
344429
872105
141403
585600
720654
291652
709509
349278
36978
116919
97913
940605
549569
281333
869998
352028
546758
328207
529483
231812
737047
913187
396434
738612
691944
820006
484057
683348
202836
245481
573777
63617
633938
231532
165570
354592
523184
391431
220222
560162
508351
318135
17120
574272
115821
887118
926301
662579
731677
455784
410744
468725
368972
323530
723689
577268
143536
207747
260617
346372
453228
350746
926342
603519
582278
91912
958111
105462
483343
694686
181976
508046
529173
715448
82319
161346
602566
524972
823926
850596
980756
751022
319321
866080
74552
559362
959701
734440
767109
220318
597165
736690
571064
523507
340209
669694
615419
814672
775156
615114
509358
473484
123161
554884
188933
721832
716230
307851
246804
56508
158447
743912
807530
994120
609993
882082
553483
86046
132875
320592
822716
730040
57282
910132
253547
397491
579826
385318
728516
871334
432
237874
344818
639945
792758
533751
361777
508989
841603
124933
565497
50
868846
889380
510523
995191
287814
64006
81237
420689
900950
903953
150729
958233
814085
920628
872076
910263
822298
600592
781597
822731
354819
126415
979028
663929
176519
857158
689270
18122
982091
771120
534524
850937
660500
561399
846128
464666
625405
443717
885356
526356
347670
552437
941
678107
989418
389369
104722
811716
989962
886319
150799
861133
529087
129828
525062
705606
986986
730685
240080
969077
501805
290956
336367
678657
852356
182495
143323
994113
142565
545031
520469
490235
97469
37762
684695
603239
427132
789417
414955
933446
192089
565755
794579
237528
211935
835993
459486
715273
566678
699566
200702
584835
506874
537069
263492
875582
235917
923168
386048
378482
984551
422869
385069
598372
460632
69764
201611
887764
375534
616567
821210
83975
698674
132141
321503
910609
484486
780989
625882
51165
996907
826584
152352
20133
880006
932197
895716
115923
371717
798116
10757
356268
220985
395826
954641
681617
981943
156252
569381
873829
772819
906943
957804
987845
555436
279307
414806
39923
576648
40688
607440
573555
383625
759792
593688
779983
691989
5756
895906
63706
803872
906663
936327
24858
818841
890968
222827
800784
47220
308561
190965
336392
215504
148769
324237
287293
944428
739044
327216
521076
296084
934656
94631
196061
694448
204672
976044
902790
726780
388302
482848
47005
811317
419175
588215
630159
310143
811042
947295
873716
119603
138261
726460
851460
287030
50697
138753
747811
306093
465969
268887
118530
400625
879871
830943
611425
84543
806988
30567
327675
711642
513416
374680
522960
448943
962895
669471
275439
773938
616766
149155
409893
271379
875615
261353
74762
442664
916458
822573
265110
382427
91460
899992
299404
971331
730935
427182
572226
54275
457749
899902
765918
487517
790934
288878
936461
753830
958349
211900
44120
91467
877407
454013
362847
753022
231719
953961
712038
148177
776534
977148
46957
384346
393492
862713
872030
124428
289895
444256
178703
263997
860510
944621
751514
651445
749851
687975
405275
708200
416227
965747
316020
293634
419760
195219
563008
651479
149180
275047
799657
925714
768547
362966
310060
162040
225679
698442
802820
31927
142699
981523
295924
519561
926145
47438
687358
192348
735414
608985
416901
151641
574732
732921
961628
994493
928140
524636
645972
77320
316035
961981
519386
84583
841299
345798
762975
66979
44241
565795
98906
703292
63670
394830
739205
506167
958620
426564
698516
694034
35549
115417
362028
610282
848338
323656
604775
292830
364644
767099
886502
680680
245433
922240
281615
86732
268038
560942
670063
828631
643089
768969
48275
706759
680151
787481
212927
638772
214045
427795
849158
249594
543212
727538
859876
907902
567546
981003
200732
932191
264455
603586
129223
509888
525826
410838
596620
793864
971780
783036
138848
131221
552005
187123
837980
748509
974604
567259
903633
188649
995054
269143
954596
538266
513034
814472
962520
80580
311828
163252
529123
576283
283190
658346
86171
809016
585536
199143
119233
557316
982179
258081
688537
50537
961556
42870
315398
936161
610129
219031
641162
121536
4526
595758
176154
517560
926583
138675
598141
238411
818279
127264
814694
101470
301963
417217
910486
887499
132712
29719
961168
631244
804152
166057
198133
765709
208927
513531
218222
335409
248914
859384
456945
253440
455143
633099
287353
381726
288126
885494
136489
106406
529110
951183
207876
347425
884752
634714
234925
533816
180786
196093
681412
984938
878502
879545
266999
87430
909428
485221
939191
674694
860958
396136
444487
316101
545587
731840
214179
833714
133686
350668
456472
179148
818203
664348
526574
219307
815414
761499
753123
996200
473944
434536
497491
352446
830433
764490
956228
739862
766064
895419
414556
627022
807907
375395
459475
869847
107235
190006
219913
240921
540674
676385
420070
875229
857085
946644
94536
672499
224495
364011
668700
698439
798547
166191
567237
145333
447033
523466
401547
213097
935237
332455
356471
743145
707851
332298
129344
815086
522304
349257
56008
579330
25642
992430
454559
882727
939074
65447
555226
679921
429459
740278
894712
744358
906469
461949
889691
869855
501767
291238
599304
437005
623694
955776
696502
331545
288074
825846
662983
326731
175103
235343
906061
717097
227773
876973
599824
683199
942420
671402
363120
888231
411681
774184
148942
834502
236134
38633
704357
737901
846224
303662
691258
986270
775790
387760
834167
580216
729958
497150
906947
905061
732494
329361
138510
476619
722686
738334
159819
181458
926089
39291
69690
854122
813476
218632
204976
565962
773617
909334
820215
136193
729348
511474
122463
21490
415586
956630
601706
145545
970133
25006
566958
218979
870719
705469
211950
593405
960155
888121
291215
886244
927413
877257
256718
257241
95889
461695
339555
385859
887381
159770
522052
616729
187596
160868
154571
603183
633850
756277
265080
120335
297635
832038
339314
168354
537507
551265
278111
497663
955738
569327
900259
399503
446584
673330
656744
58826
135025
512651
961037
22406
672422
483089
155487
376370
160309
310058
979553
794160
582687
244633
914495
880323
76672
770162
565029
130531
837779
359493
144546
793517
928820
561158
193021
891756
234488
366117
950582
885865
878769
911619
908271
67543
911061
580110
443913
71370
406520
939819
381882
989207
184452
296378
385882
777476
66540
950912
424360
904319
310405
568906
214188
755577
646416
407209
647333
880904
773327
114268
766769
168448
542239
191392
235991
969652
287854
679904
557375
694374
619723
939257
199934
320528
751987
585816
614356
334879
53080
38716
239198
879837
123975
969739
151766
770391
376948
799100
651296
666627
429720
934417
835075
488311
642162
71066
457964
930016
267323
531691
140743
887046
470948
340677
207574
222936
926493
821931
557815
495926
376999
313366
375763
500974
283105
527530
271366
176405
842982
439014
843033
789054
889783
678108
277365
531945
265527
251681
978314
532850
783372
119057
419896
770673
459734
143823
509961
902579
482106
67776
914857
859105
897494
290621
876432
696951
334503
147798
389709
693837
103164
232742
482891
992947
427202
276608
41245
209081
44642
19559
741931
828014
654968
678180
115039
631054
338355
625000
49985
820461
209129
964843
195918
106623
771816
72350
319927
106319
736500
709636
800156
839664
458730
799399
348964
885932
76007
390209
95014
120649
926120
353297
465016
97440
31477
580055
728494
886184
205056
778479
706645
414185
259674
418916
37160
31490
7618
873439
137809
744119
583075
454317
100135
558157
253716
965451
444090
329724
872012
55456
966725
314484
925105
431741
411924
472935
11797
656770
359119
733205
951602
582117
663742
211276
1033
217254
242767
8651
90694
896928
269122
190121
351246
885610
748279
121314
851061
708721
967390
239426
280529
934116
553910
205634
365857
482187
678569
894006
138957
37689
143563
90559
136158
807305
818188
137191
540912
577307
662194
631606
474235
447669
338079
341833
849631
86358
979500
700692
311431
946890
456470
591960
881006
10381
797595
763216
8920
992516
173574
147877
546557
317138
754789
682715
640795
572977
336258
181707
150284
998453
329665
140871
962474
184097
999057
812105
270455
978557
29149
98239
925447
485620
690199
322806
12353
4146
602374
21273
513015
775948
685502
59572
93086
440291
258640
733882
13268
594898
431941
679904
109703
277959
337128
72177
462056
336185
884282
248863
831094
913432
347102
272893
399052
553654
112051
927757
557800
714425
949030
70815
490374
634532
646740
583460
591176
905380
833694
120796
16630
781988
800701
126334
59947
654181
198511
522003
506718
82794
287218
337812
512578
634321
127057
427982
187975
239109
355739
262127
953534
821121
849295
443908
972005
12387
543721
563181
434119
893767
683978
450749
675755
1031
577083
252054
655212
291947
290409
161930
374741
577628
499742
403671
728301
143151
831653
916276
382260
187392
694755
335795
524865
60402
296055
496870
72789
356128
60052
506908
249896
744030
957658
442003
745061
51093
694058
916625
343040
984467
78555
234133
78447
94649
637804
806748
237800
469457
239376
136413
173201
934132
472208
698066
994534
284615
194937
583676
157096
771341
90584
406992
31723
48242
365347
293136
99336
59405
209761
442376
560225
288316
192862
638672
899317
830666
445421
137117
300124
684797
273530
989677
135281
262090
687744
646168
63058
399033
229844
220154
170374
320428
143498
718449
885023
508845
11585
500711
568251
221346
459439
644828
26014
652301
283500
925331
482968
245273
578800
299444
930071
368683
289121
65352
147125
493217
227872
210183
408602
457716
946689
95328
778145
90187
813777
179520
115385
825362
680231
199988
46708
139670
844816
72722
791972
128316
514405
791292
373590
93206
90736
820013
978241
896209
401717
125366
905779
629590
851902
314381
87306
798591
409710
381803
405131
739839
561323
520516
565202
757906
720504
128262
897577
565320
717337
205901
209988
231742
997193
99930
841300
604281
919943
819541
16842
838013
461260
922621
467603
313162
753355
71261
628105
679417
969417
33236
419256
530740
70104
500810
804999
306960
629073
702576
872280
346410
424829
598621
94504
938374
698551
452157
59007
134847
788050
75849
972860
249310
514823
956815
562472
268178
28076
706930
947595
997493
740166
883203
44586
326623
384014
849585
633583
529439
68513
22216
875849
493342
620837
486705
948068
835740
455214
7075
970587
243265
82924
459799
8927
114099
416614
571400
382277
444691
794682
846224
958536
534848
245780
3122
861471
629794
369059
11407
159233
437572
33623
551434
447266
170812
554491
395334
6552
9706
918761
493492
769323
518038
953291
778250
632137
886258
866002
14415
847301
660684
376991
805837
195533
622771
325312
573356
768917
694371
101115
928150
648296
134738
995936
611914
305550
66780
7249
828455
76486
442362
321947
845809
960400
791590
140411
592538
194200
6414
123305
41501
667098
500296
363691
378983
639420
205355
468692
408337
899726
569807
852840
64374
704546
365128
676289
526448
431908
199890
354903
24746
642252
193202
870555
602653
984793
527319
711543
178993
533733
834848
736847
200831
851496
100538
579815
490916
305893
48507
415606
721971
134666
784798
786346
839212
666278
978987
882013
98187
695229
236916
122933
337481
430119
509841
456486
931264
37160
168029
110257
570893
2877
847104
288076
370726
463994
867891
377994
769887
432750
793600
8211
567417
94750
794557
922981
761029
289896
804994
375568
985125
558263
498501
838958
988382
524694
295445
435998
561854
979826
546255
649099
982704
909712
453528
869782
373706
837771
247776
659946
270522
557729
668157
354291
652479
979066
793624
929860
268962
598619
305428
770439
673234
320282
125749
177968
844976
421194
613966
923183
401021
676573
88634
900077
586285
542162
286211
476344
379934
533987
136290
650456
91716
320799
521099
260548
299865
314723
706760
85179
429694
12189
855618
619280
332471
981367
797248
693799
918914
411214
616982
836287
87788
705617
252716
190425
764131
538927
183121
144065
589266
835763
310873
680983
156562
831972
457883
456427
663048
164643
541606
609094
693184
913576
228375
542007
411296
25623
235807
846562
953190
369141
199201
557330
591110
968269
747755
355242
507196
447229
499307
612814
282992
326533
810149
439555
158505
268032
412334
337905
949028
470293
947000
642212
900221
175375
700572
827869
200998
452731
674431
154188
821872
389984
227870
929335
358253
975626
800929
381801
939207
816588
994616
222199
143121
804765
178106
301627
589150
590441
639532
538178
60734
102884
696742
477307
278259
397314
305177
995610
850045
979608
666150
671918
885945
894021
117605
244198
385999
918534
626000
325206
735122
620616
547405
878244
941733
241864
696223
530883
832305
852107
69061
409391
954992
765804
403050
233251
163118
708227
745213
529516
204188
411364
201434
90133
305385
835391
334331
691384
753925
476683
532942
5399
613651
596699
399995
555385
838563
96218
602620
187220
948326
188034
112963
419670
953838
516014
169273
633308
224241
914487
162824
944781
842203
880610
34914
147588
232353
885598
355324
986278
878633
888266
508030
492285
484965
908025
564022
839881
520596
166642
27101
985274
871028
656417
404944
824866
172431
574217
974527
913024
5056
653703
857806
847259
50666
409072
511199
283019
294670
866523
785650
173304
271141
293680
181941
272459
718057
745963
112340
238653
428957
655793
223927
299986
828562
145223
641204
993
235793
132083
430370
240849
785787
804528
604461
836453
213600
115660
119472
508271
498536
421474
197927
769677
715154
379868
42136
433212
642183
670828
188217
587492
842974
412145
887478
671536
557368
45035
188882
793161
177118
619252
550363
479257
423780
154824
315710
637380
270484
951535
662003
769020
373009
376282
55050
604516
756150
613538
37728
914685
800719
225945
502178
643693
154442
906008
831581
228163
951043
20463
21324
644514
156067
88039
123771
579847
