1000
615473
779053
353461
674706
903156
696062
51203
516761
646407
805160
340287
941049
196634
152619
6206
31876
360500
571644
456514
252774
35119
602857
372421
677482
929895
831554
129275
170792
9042
830230
874011
140867
609283
743824
815573
512439
439886
383129
545552
602645
188289
885839
60046
901275
554810
66252
933151
915311
637897
389665
168085
189368
508874
540506
866851
955122
888412
996126
642266
897454
342708
32629
38321
468344
776453
370246
497135
732691
753375
42688
335337
458016
444879
395383
359292
999690
461636
808795
915001
99533
714813
599438
288901
223687
656296
672104
695161
544708
184582
853780
958514
43643
886409
513187
511987
662863
399785
525474
395554
669513
84514
730891
127529
529394
642627
3173
45436
104263
328321
960437
720148
43134
76227
525401
783173
732523
713858
478335
277231
414792
332115
752097
458435
734876
265284
486774
397739
665069
12249
309646
334582
613115
556889
978464
142509
199516
497989
187945
820131
826310
664734
540279
869444
740961
582033
652618
989836
295891
647305
783419
710683
979420
535516
169119
714296
800800
172245
628388
982222
184494
454386
833156
797610
11275
811620
456471
727144
825962
644417
547275
652272
825503
603907
38069
82817
185940
690687
72653
481831
337992
856073
192514
833764
391589
877985
64412
708742
50231
209152
207316
751077
663538
40472
65039
191166
368445
521511
918310
194407
682280
465585
363031
24135
69492
401100
106952
255432
608139
695958
253615
462483
68383
446130
296247
976324
840467
877012
685066
890698
86164
408734
158128
266055
965559
223167
457221
334004
261030
375531
44763
459662
357468
924146
150
943313
841599
107102
198745
449738
319412
968713
912222
387795
931195
724821
364120
771662
118185
565538
178713
720702
974273
336841
986757
939832
76360
443978
790188
853743
335861
351303
313405
693329
791801
313555
636642
633400
937010
351740
599491
256422
836805
28065
160570
768000
752886
524690
539662
387424
90228
234727
108126
580853
87920
94883
37037
164281
55213
343577
534376
907426
211232
364133
117107
3034
677689
270102
636434
131051
138194
752277
903825
974999
780342
64395
742999
49581
105437
799013
437005
712018
33741
545131
292871
121661
156366
846261
802294
727931
189838
336670
635357
917423
700804
268816
920457
894845
538918
73243
542248
677112
825521
446073
168463
605863
26821
911462
655444
648610
226828
608801
360628
260569
153932
169852
898582
826650
16113
700877
554581
722303
553899
706290
639726
771055
491459
76535
665900
30377
149779
208148
223842
491652
170574
392305
97515
713747
820120
269312
362357
46948
394465
722986
823869
548398
892838
722451
891400
425303
939680
962334
663958
493580
184976
303685
264635
676435
896572
446888
706813
46351
171388
447007
538003
341962
839312
151871
55709
659432
937535
418067
222732
332000
657405
46601
396750
66595
769053
288151
491898
225085
766837
672208
718665
951813
975893
499653
628249
872466
946541
335062
435169
117929
782069
489525
976244
137733
157748
548305
313518
95283
966372
536250
943635
140129
99204
856738
206724
868257
144889
214974
93342
428078
887183
328360
379891
379428
344365
8140
768246
290906
859554
719768
925187
157975
209293
901431
295709
367041
449737
125579
978676
932461
661829
438663
588943
761033
295401
312019
145642
440290
526994
755337
384720
930529
600049
764612
309957
944414
772752
594556
235320
148659
314324
676859
306634
39969
94643
602343
407010
60732
727922
902038
993193
906104
340701
98488
183489
636103
410508
845484
592745
937502
600821
977466
384383
200870
258430
210692
661636
31182
805248
413308
179841
635924
90167
2828
675893
184810
605171
599255
245542
849446
501293
755088
271902
358347
853576
455391
994450
264084
300875
103547
717938
418048
81013
102321
135270
339443
313014
796906
886978
634614
210214
583171
270539
300382
585999
946432
1544
707523
545688
763439
73321
563333
34879
345223
921680
888455
800614
432482
668892
617842
536030
903182
35890
133395
521856
687513
989191
351222
484419
392521
985836
694634
975692
772727
511368
78044
719160
29264
785567
781200
792703
375240
860885
827582
720463
782566
232390
521077
215048
417634
655271
267430
837168
691162
400826
359024
378675
906369
710246
379446
298890
212435
590432
274582
985162
618152
868978
220674
647417
170897
518226
956472
546137
379112
300407
266600
161678
532797
304030
893078
466783
959301
676861
303951
166815
594039
662976
61842
500408
889574
441289
799298
102009
31721
590232
603524
649874
459211
824198
813643
146460
342425
770115
692598
721537
70522
475550
399567
119671
779580
808997
102806
738882
485858
406758
905697
596249
586086
967540
96657
475660
925181
412307
94022
473254
2540
213898
123128
978103
38096
453123
124563
896873
739591
333513
134762
810113
809064
50681
446137
588644
376031
548943
843878
861889
472053
265928
458139
58139
233468
71148
50152
675001
483456
144174
148255
2348
874424
787736
980451
428872
240859
621366
325746
980450
954880
976860
306916
280296
543894
753053
385292
919925
818348
229171
781814
290402
495099
756305
864893
244919
343806
915045
919920
827262
575571
68175
829610
449995
855911
326413
878868
613123
464131
720966
593573
935363
214178
416841
215659
758072
686246
600952
677997
504595
346475
976164
311349
841574
732469
176242
602845
592627
91288
39117
419889
183211
623644
765851
633207
995908
608616
512075
609031
72748
749393
718956
8111
963571
135798
223771
721644
822044
341075
399641
842991
687550
375805
154340
45476
624627
846935
648321
217254
938223
687438
153496
121434
311082
435699
270993
306990
560668
299420
432373
633416
48813
151330
157879
528737
803480
898002
250381
625524
239077
166374
468516
442979
58532
139208
488455
199511
986143
653128
933117
440718
856918
602965
78505
168001
38665
349498
991343
599333
648919
423717
749101
214084
91399
906980
742821
894879
804983
509554
36755
560412
675929
21623
3392
734461
160832
8199
450324
663327
661328
383441
104046
518246
986407
698903
202599
25072
48401
710295
140757
213672
650364
889858
944109
741763
313190
686930
152994
634525
196485
189749
194938
388766
211373
714682
639579
888557
722881
89903
68236
900561
473344
688634
935160
459751
387537
137759
1175
952291
364406
658284
682315
14770
64494
626424
272885
377685
313355
942231
12210
26192
648333
723500
414958
376058
438182
570889
780967
677416
660792
849203
577977
650488
537838
513137
626592
441727
167249
144119
394018
48007
802404
76334
579130
383250
702758
852015
760935
532465
310599
289498
75009
958932
529350
6319
334990
967533
577208
115957
644949
754352
481512
739278
921193
19350
768768
547785
977430
936017
208256
887800
984024
10660
480486
563154
393911
699597
931522
671198
232062
758473
477048
307072
717405
6399
829743
568747
490284
406952
684704
651585
677656
682568
390863
598849
701919
159631
146634
195701
612000
354891
83501
112377
881903
563988
191883
792166
263585
639757
979717
11999
398230
456765
835423
115635
979516
665167
200734
469800
588471
401790
121385
