100
615473
779053
353461
674706
903156
696062
51203
516761
646407
805160
340287
941049
196634
152619
6206
31876
360500
571644
456514
252774
35119
602857
372421
677482
929895
831554
129275
170792
9042
830230
874011
140867
609283
743824
815573
512439
439886
383129
545552
602645
188289
885839
60046
901275
554810
66252
933151
915311
637897
389665
168085
189368
508874
540506
866851
955122
888412
996126
642266
897454
342708
32629
38321
468344
776453
370246
497135
732691
753375
42688
335337
458016
444879
395383
359292
999690
461636
808795
915001
99533
714813
599438
288901
223687
656296
672104
695161
544708
184582
853780
958514
43643
886409
513187
511987
662863
399785
525474
395554
669513
