10000
50
171
332
432
459
558
845
849
941
993
1031
1033
1621
1641
1769
1799
1870
2115
2343
2516
2619
2690
2755
2877
3056
3076
3122
3334
3535
3581
3909
3998
4061
4146
4216
4354
4376
4526
4615
4748
4798
4860
4925
4975
5043
5053
5056
5291
5399
5633
5756
5774
5828
5865
5917
5961
6038
6414
6552
6597
6619
6623
6928
6942
6974
7075
7222
7249
7564
7618
7728
7733
7884
7902
7920
8047
8086
8211
8276
8422
8551
8620
8651
8697
8729
8810
8920
8927
9166
9299
9511
9561
9583
9706
9782
10018
10064
10234
10281
10320
10381
10394
10444
10459
10649
10650
10757
10832
10858
11213
11407
11462
11490
11585
11585
11718
11732
11797
11883
12058
12151
12189
12276
12353
12387
12491
12514
12829
12866
12897
12912
12945
13153
13268
13299
13452
13718
13852
14020
14060
14071
14073
14109
14150
14167
14207
14287
14415
14758
14859
14943
14995
15034
15112
15277
15353
15639
15769
15795
15979
16051
16407
16564
16565
16612
16630
16842
16961
16978
17094
17102
17120
17186
17226
17324
17498
17505
17798
17986
18122
18136
18436
18614
18617
18873
18935
18963
18997
19118
19208
19559
19624
19889
19964
20100
20107
20133
20189
20463
20789
20839
20850
21096
21112
21122
21271
21273
21277
21324
21387
21398
21490
21616
21640
21682
21933
22104
22203
22216
22271
22366
22406
22441
22451
22527
22684
22701
22719
22813
22822
23008
23211
23231
23409
23434
23457
23539
23565
23846
23879
23931
24138
24480
24718
24746
24858
25006
25107
25231
25240
25383
25402
25412
25424
25520
25623
25642
25983
26014
26327
26328
26367
26557
26592
26985
27024
27049
27101
27101
27234
27514
27554
27558
27577
27638
27650
27933
28001
28076
28077
28193
28312
28352
28408
28468
28689
28721
28744
29072
29149
29301
29308
29314
29350
29473
29719
29732
29869
30489
30503
30567
30584
30589
30857
30899
30972
31322
31477
31490
31686
31723
31838
31927
31946
32195
32200
32673
32747
32916
32956
33236
33347
33484
33555
33611
33623
33653
33676
33957
33990
34010
34014
34632
34775
34786
34914
34928
34972
34975
35214
35442
35549
35599
35652
35705
35971
36055
36196
36289
36327
36613
36785
36828
36978
36979
37160
37160
37215
37252
37425
37501
37645
37689
37728
37762
37891
37956
38061
38211
38416
38562
38601
38633
38716
38873
38971
39141
39150
39291
39341
39380
39408
39451
39562
39614
39743
39762
39923
40039
40114
40265
40278
40363
40569
40688
40806
40826
40938
40967
41147
41214
41244
41245
41334
41394
41501
41715
41746
41760
41818
41906
42074
42113
42136
42207
42470
42707
42732
42760
42772
42870
42872
43038
43115
43189
43193
43287
43526
43752
43765
43913
44059
44120
44241
44336
44349
44408
44526
44563
44586
44642
44926
45020
45035
45454
45485
45616
45657
46077
46087
46228
46372
46396
46412
46461
46708
46807
46957
46977
47005
47021
47144
47220
47273
47276
47287
47352
47438
47481
47523
47608
47709
47739
47797
47879
47899
48064
48080
48154
48242
48275
48362
48374
48507
48537
48674
48756
48967
49015
49495
49593
49738
49935
49985
50064
50266
50419
50537
50588
50664
50666
50697
51055
51093
51165
51286
51387
51469
51567
51775
51943
52175
52736
52831
52845
53080
53143
53226
53351
53452
53547
53650
53672
53760
53817
53824
54077
54195
54227
54269
54275
54337
54563
54806
55050
55159
55302
55385
55456
55533
55560
55671
55968
56008
56069
56106
56213
56367
56434
56506
56508
56656
56787
56788
57282
57447
57484
57823
58036
58098
58252
58532
58721
58826
59006
59007
59030
59192
59352
59405
59416
59428
59510
59572
59584
59654
59657
59671
59947
60052
60102
60148
60269
60402
60581
60734
60914
60953
61020
61086
61278
61470
61471
61483
61679
61725
62123
62156
62216
62303
62359
62539
62751
62911
62962
63050
63058
63131
63220
63336
63488
63520
63617
63670
63706
63872
63954
64006
64244
64374
64387
64481
64510
64564
64654
64783
65128
65162
65242
65257
65352
65447
65590
65645
65925
65998
66298
66540
66734
66780
66880
66914
66968
66970
66979
67454
67494
67543
67656
67689
67752
67776
67885
67942
68024
68093
68098
68223
68350
68513
68526
68562
68662
68670
68802
68919
69061
69101
69157
69264
69336
69498
69674
69690
69764
69790
69816
69941
69948
70104
70264
70429
70450
70497
70551
70641
70715
70804
70805
70815
71066
71112
71141
71226
71236
71261
71301
71370
71627
71897
71918
72177
72320
72350
72419
72422
72722
72734
72780
72789
72793
72980
73119
73223
73346
73454
73674
73862
73881
73912
74480
74552
74762
74852
74928
75148
75502
75819
75849
76007
76373
76486
76547
76553
76579
76647
76672
76858
77024
77187
77320
77457
77584
77815
77863
77959
78447
78521
78555
78727
78842
78860
79082
79097
79550
79611
79776
80154
80176
80313
80580
80711
80815
80895
81008
81144
81237
81457
81561
81591
81601
81663
81665
81770
81774
81916
81931
82089
82181
82249
82313
82319
82794
82924
83004
83445
83576
83725
83829
83842
83890
83975
83977
84058
84128
84218
84271
84521
84543
84580
84583
84964
85044
85179
85254
85331
85334
85366
85367
85580
85673
86046
86171
86200
86358
86360
86388
86604
86657
86688
86723
86732
86795
86821
86904
86935
87023
87236
87306
87430
87497
87575
87576
87788
87790
87805
87928
88025
88039
88236
88241
88457
88487
88634
88686
88797
88873
88990
89015
89414
89737
89755
89805
89999
90133
90151
90187
90323
90520
90559
90584
90694
90715
90736
90777
90806
90828
90841
91205
91309
91339
91380
91460
91467
91692
91716
91769
91912
91958
91966
92053
92332
92340
92377
92398
92571
92625
92777
92784
92832
93086
93135
93206
93228
93245
93305
93413
93607
93653
93690
93738
94133
94210
94210
94319
94406
94504
94528
94536
94566
94631
94649
94702
94750
94777
94798
95014
95105
95133
95289
95328
95536
95889
95943
95952
96207
96218
96289
96355
96426
96676
97045
97066
97167
97439
97440
97469
97529
97913
98152
98187
98239
98371
98392
98447
98467
98504
98516
98561
98660
98732
98745
98803
98843
98906
99112
99297
99303
99333
99336
99528
99651
99688
99729
99930
100026
100029
100135
100225
100278
100291
100371
100538
100543
100707
100886
101115
101299
101470
101588
101643
101853
102241
102584
102628
102836
102884
103038
103150
103164
103214
103221
103249
103380
103615
103732
103758
103816
103832
103934
103988
103999
104057
104133
104389
104403
104421
104474
104722
104862
104941
105020
105086
105104
105280
105356
105379
105462
105537
105637
105790
105981
106017
106090
106154
106319
106406
106623
106845
106972
107166
107200
107235
107273
107275
107295
107345
107399
107646
108225
108240
108355
108652
108750
109195
109256
109295
109598
109703
109774
109840
109886
110008
110244
110257
110279
110579
110681
110700
110720
110832
110887
110998
111028
111159
111351
111429
111468
111640
111741
111803
111827
111878
111912
112051
112272
112337
112340
112342
112510
112524
112527
112530
112543
112567
112790
112870
112929
112951
112963
112963
113199
113303
113339
113358
113609
113616
113952
113996
114099
114241
114268
114279
114332
114341
114480
114571
114601
114673
114762
114975
115039
115385
115417
115500
115660
115722
115821
115923
116222
116467
116612
116635
116904
116905
116919
116960
117010
117146
117353
117411
117435
117600
117605
117735
117912
118059
118061
118292
118311
118408
118431
118468
118530
118586
118722
118872
118874
118898
118966
119056
119057
119113
119233
119389
119472
119485
119603
119624
119756
119790
119795
119945
120011
120122
120335
120385
120443
120565
120649
120660
120793
120796
120952
121104
121163
121241
121253
121254
121310
121314
121488
121536
121539
121640
121683
121734
122027
122267
122443
122452
122463
122532
122543
122553
122692
122794
122818
122823
122933
122966
122993
123161
123177
123236
123305
123331
123396
123771
123776
123975
124036
124047
124111
124256
124428
124470
124567
124917
124933
125195
125202
125329
125359
125366
125679
125742
125749
125857
125924
126267
126334
126415
126508
126612
126640
126648
126773
126954
127057
127187
127264
127382
127385
127431
127506
127524
127534
127572
127879
127995
128055
128262
128316
128580
128912
129097
129223
129244
129245
129344
129358
129366
129828
130067
130248
130331
130359
130425
130466
130531
130546
130994
131011
131015
131221
131440
131520
131541
131614
131689
131741
131871
131989
132058
132071
132083
132141
132234
132361
132446
132712
132875
132895
133129
133326
133414
133686
133699
133983
134077
134087
134155
134235
134295
134349
134367
134405
134431
134666
134738
134798
134847
134972
135025
135041
135089
135281
135282
135388
135418
135498
135509
135539
135657
135705
135730
135793
135835
136052
136077
136138
136140
136158
136193
136290
136317
136392
136413
136461
136489
136704
137025
137117
137117
137133
137135
137191
137371
137456
137517
137537
137636
137710
137802
137809
137809
137921
138046
138140
138261
138298
138328
138505
138510
138608
138675
138753
138848
138907
138957
139083
139163
139192
139331
139342
139670
139687
139733
139994
140236
140367
140411
140443
140719
140743
140751
140871
140904
140951
141340
141370
141403
141506
141632
141761
141766
141815
141915
142070
142139
142351
142565
142699
142800
142969
142996
143067
143094
143121
143128
143151
143269
143280
143323
143327
143351
143417
143455
143498
143536
143563
143646
143701
143803
143823
143859
143930
144028
144065
144110
144119
144233
144315
144320
144449
144546
144736
144866
145142
145223
145333
145487
145545
145607
146205
146783
146790
146885
146964
147057
147125
147137
147300
147570
147588
147795
147798
147877
148177
148263
148512
148635
148693
148769
148942
149073
149155
149180
149538
149618
149621
149679
149890
150007
150105
150107
150284
150370
150456
150729
150799
150861
150868
151155
151184
151291
151408
151446
151603
151641
151766
151869
152352
152480
152554
152749
152892
153185
153226
153228
153322
153433
153449
153470
153676
153683
154188
154287
154315
154345
154436
154442
154511
154571
154665
154736
154795
154824
154901
154951
155083
155283
155285
155347
155465
155487
155490
155524
155532
155627
155978
156006
156016
156067
156252
156322
156504
156562
156626
156820
156852
157096
157185
157352
157475
157507
157972
158082
158382
158407
158447
158505
158513
158569
158617
158807
159064
159233
159254
159308
159422
159770
159819
159826
160028
160145
160236
160251
160280
160309
160330
160520
160526
160631
160800
160810
160832
160863
160868
160933
161300
161346
161512
161517
161545
161554
161658
161930
162040
162085
162162
162171
162192
162206
162437
162533
162588
162591
162712
162749
162785
162824
162929
162939
163063
163118
163252
163362
163387
163451
163461
163806
163830
164097
164173
164332
164340
164432
164621
164643
164707
164776
164890
164942
164958
165116
165123
165391
165513
165570
165646
165760
166057
166073
166100
166191
166197
166208
166370
166432
166642
166720
166783
166924
166993
167030
167449
167626
167728
167861
167973
168029
168162
168199
168215
168226
168354
168432
168448
168584
168773
168826
168962
169005
169023
169238
169273
169273
169311
169529
169835
169866
170171
170171
170186
170239
170374
170420
170462
170488
170534
170700
170797
170812
171311
171362
171465
171611
171652
171916
171945
171985
172390
172405
172406
172431
172445
172830
172961
173091
173138
173201
173235
173304
173410
173425
173497
173510
173528
173574
173876
173937
174160
174366
174392
174467
174523
174606
174863
175064
175103
175186
175375
175431
175506
175587
175624
175825
175855
176154
176196
176405
176409
176519
176979
177081
177118
177231
177338
177455
177559
177644
177679
177731
177758
177799
177968
178106
178114
178136
178240
178348
178351
178426
178592
178608
178703
178703
178906
178993
179148
179309
179373
179520
179576
179661
179696
179899
179913
179943
180068
180168
180208
180284
180372
180615
180764
180786
180793
180919
180982
181117
181210
181220
181298
181458
181481
181639
181668
181707
181824
181884
181941
181976
182024
182115
182244
182427
182483
182495
182656
182669
182694
182717
182755
182932
182938
182993
183008
183093
183121
183289
183363
183420
183590
183680
183836
184097
184411
184452
184476
184621
184733
184776
185139
185185
185250
185255
185546
185685
186097
186178
186592
186600
186918
187123
187220
187254
187293
187384
187392
187412
187596
187654
187820
187868
187975
188034
188039
188145
188217
188310
188337
188649
188745
188882
188933
189298
189519
189674
189735
189899
190006
190044
190121
190182
190300
190425
190630
190933
190946
190965
191103
191392
191486
191545
191565
191646
191731
191790
191882
191896
191973
191994
192089
192101
192343
192348
192362
192637
192666
192666
192809
192862
193021
193048
193182
193202
193687
193725
193763
193865
193898
194065
194140
194200
194236
194341
194476
194551
194832
194937
195108
195185
195219
195358
195533
195624
195671
195697
195702
195918
196061
196093
196151
196373
196381
196620
196653
196694
196786
196820
196905
196998
197037
197072
197160
197191
197659
197715
197872
197921
197927
198133
198160
198186
198400
198478
198511
198520
198568
198661
198889
199089
199143
199201
199238
199265
199890
199934
199988
200086
200183
200290
200629
200702
200732
200831
200998
201234
201280
201294
201434
201553
201611
201628
201834
201905
201961
202053
202126
202380
202477
202589
202602
202689
202698
202768
202836
203011
203187
203244
203324
203406
203641
203707
204080
204188
204311
204352
204618
204672
204945
204976
205056
205355
205377
205541
205594
205634
205790
205901
205953
206002
206146
206385
206475
206569
207186
207203
207308
207574
207640
207747
207767
207866
207876
207883
208071
208192
208248
208257
208281
208429
208589
208927
208957
209081
209114
209129
209261
209273
209282
209292
209333
209687
209761
209796
209912
209988
210007
210077
210183
210226
210268
210718
210796
210942
210951
211041
211064
211181
211257
211276
211545
211548
211845
211894
211896
211900
211906
211935
211950
211954
212099
212484
212772
212792
212927
212999
213056
213097
213200
213298
213600
213838
213932
213942
214002
214045
214179
214188
214189
214278
214337
214348
214627
214650
214735
214815
214987
215057
215192
215387
215411
215504
215508
215539
215669
215743
216056
216099
216107
216112
216230
216374
216414
216462
216538
216541
217233
217254
217304
217957
218110
218222
218286
218514
218576
218622
218632
218743
218965
218979
219001
219031
219034
219097
219307
219437
219466
219541
219913
219960
220009
220154
220222
220255
220310
220318
220392
220578
220985
221207
221346
221358
221516
221629
221657
221702
221794
221923
221989
222098
222117
222181
222199
222221
222276
222334
222338
222418
222489
222639
222729
222734
222827
222936
222979
222980
223269
223410
223511
223607
223629
223655
223700
223759
223777
223808
223927
224241
224339
224347
224367
224449
224484
224486
224495
224527
224587
224745
224783
225165
225207
225221
225258
225271
225510
225571
225679
225945
225991
226001
226052
226065
226069
226157
226296
226309
226380
226416
226466
226543
226659
226666
226842
226908
227179
227196
227241
227332
227528
227773
227810
227820
227870
227872
228006
228055
228152
228163
228172
228219
228229
228375
228375
228595
228855
229019
229093
229210
229375
229424
229439
229844
229893
230048
230053
230166
230449
230743
231322
231518
231532
231719
231742
231756
231781
231812
231931
232098
232146
232283
232308
232353
232495
232585
232658
232742
232858
232941
233042
233122
233251
233335
233495
233516
234041
234074
234113
234133
234384
234459
234488
234862
234925
235015
235176
235211
235221
235343
235533
235561
235793
235797
235807
235883
235917
235965
235991
236134
236239
236452
236540
236659
236911
236916
237025
237028
237068
237121
237128
237143
237151
237390
237408
237458
237499
237528
237606
237796
237800
237850
237874
237926
238021
238059
238147
238184
238259
238266
238364
238411
238526
238566
238653
238811
238932
239109
239155
239171
239172
239198
239307
239376
239408
239426
239461
239486
239529
239553
239705
240080
240361
240416
240509
240514
240535
240766
240849
240921
241075
241087
241171
241223
241232
241354
241435
241448
241479
241577
241605
241703
241726
241729
241864
241981
242082
242158
242236
242265
242374
242486
242526
242767
242925
243007
243099
243265
243323
243387
243486
243526
243729
243777
243792
244142
244198
244315
244475
244524
244571
244633
244731
244747
244770
245237
245273
245433
245481
245627
245780
245931
246091
246224
246292
246327
246361
246384
246565
246579
246645
246742
246804
246946
247094
247261
247280
247318
247435
247566
247567
247738
247776
247783
247860
247863
247990
248255
248429
248510
248595
248715
248863
248881
248914
248955
249140
249214
249230
249310
249323
249324
249457
249525
249594
249628
249717
249896
249965
250004
250036
250098
250329
250392
250463
250507
250535
250586
250679
250950
250974
251091
251205
251321
251331
251379
251681
251707
251831
251922
252054
252072
252168
252232
252593
252652
252716
252737
253244
253328
253422
253437
253440
253466
253532
253547
253557
253644
253716
253730
253834
254446
254614
254903
254947
254981
255049
255073
255658
255973
256042
256716
256718
256814
256968
257232
257241
257275
257290
257352
257473
257696
257707
257800
258008
258081
258091
258160
258301
258580
258634
258640
258780
258928
258982
259121
259134
259208
259266
259312
259448
259455
259546
259674
259791
259854
259875
259977
260107
260131
260170
260236
260239
260249
260347
260548
260617
260622
260635
260878
260894
261089
261278
261353
261360
261398
261522
261522
261558
261621
261696
261711
261832
261969
261972
262090
262127
262201
262451
262850
263064
263160
263173
263203
263308
263331
263413
263422
263492
263610
263669
263694
263723
263760
263789
263924
263997
264066
264131
264195
264269
264455
264574
264673
264745
264765
264870
265080
265110
265226
265482
265494
265527
265764
265878
265962
266139
266207
266389
266726
266838
266838
266841
266876
266999
267249
267255
267317
267323
267502
268032
268038
268178
268181
268280
268359
268417
268538
268618
268733
268841
268887
268962
268968
269009
269062
269122
269143
269234
269250
269447
269713
269855
270098
270231
270330
270363
270432
270453
270455
270484
270522
270813
270855
271065
271141
271242
271267
271366
271379
271409
271451
271596
271655
271702
272099
272122
272138
272268
272459
272551
272691
272726
272893
273013
273058
273090
273127
273146
273167
273307
273525
273530
273534
273546
273562
273640
273644
273857
273941
274273
274324
274516
274611
274707
274818
274867
274883
274928
275047
275148
275215
275270
275392
275439
275540
275541
275758
275766
275772
275798
275860
276107
276109
276148
276221
276339
276402
276608
276661
276713
276798
276971
277035
277072
277365
277382
277407
277805
277816
277959
277965
278111
278133
278241
278259
278270
278304
278315
278379
278675
278994
278999
279021
279078
279120
279123
279219
279225
279307
279368
279634
279698
279718
279779
279866
280212
280455
280529
280563
280648
280710
280780
280830
280968
281057
281122
281182
281281
281333
281393
281411
281423
281485
281615
281623
281732
281885
282044
282217
282304
282467
282547
282783
282992
283019
283051
283105
283159
283190
283412
283470
283500
283658
283904
284092
284139
284262
284327
284411
284500
284615
284625
285163
285360
285660
285803
285868
286107
286211
286323
286436
286499
286765
286817
286825
286852
287030
287218
287293
287303
287353
287362
287438
287535
287621
287624
287687
287814
287815
287854
288074
288076
288126
288144
288298
288316
288413
288432
288741
288774
288774
288878
288882
288885
289047
289121
289128
289173
289354
289367
289399
289423
289497
289534
289690
289825
289895
289896
289981
290236
290409
290419
290459
290621
290664
290859
290956
291191
291215
291238
291307
291420
291593
291652
291743
291825
291947
292135
292284
292384
292423
292499
292728
292830
292945
293136
293309
293319
293397
293634
293680
293718
293745
293833
293915
293934
293970
294612
294670
294821
294869
294882
294937
295179
295218
295388
295419
295433
295442
295445
295697
295732
295924
295973
295991
296037
296055
296084
296378
296498
296648
296689
296840
296876
296970
297008
297203
297205
297217
297219
297319
297423
297470
297635
297798
297858
298092
298250
298432
298566
298839
299023
299065
299328
299404
299415
299444
299496
299510
299627
299727
299740
299766
299814
299850
299865
299865
299917
299986
300044
300124
300168
300245
301020
301052
301199
301252
301285
301349
301526
301526
301627
301671
301700
301729
301731
301873
301902
301924
301963
302001
302010
302037
302376
302477
302624
302696
302753
302770
302804
302830
302855
303155
303201
303204
303288
303613
303662
303713
303740
303833
303999
304214
304263
304302
304342
304353
304438
304540
304561
304602
304956
305113
305177
305223
305385
305398
305405
305428
305550
305614
305783
305789
305822
305836
305893
306093
306133
306299
306376
306510
306662
306762
306960
307212
307760
307851
307933
307986
308291
308482
308561
309009
309073
309074
309075
309487
309500
309504
309505
309559
309571
309750
309849
309894
310058
310060
310143
310386
310405
310405
310428
310549
310861
310864
310873
310911
311019
311086
311161
311431
311447
311508
311573
311580
311589
311767
311818
311828
311863
311865
312015
312241
312332
312427
312473
312682
312750
312787
313103
313162
313235
313332
313346
313366
313569
313886
313917
313920
314027
314100
314148
314151
314331
314381
314484
314497
314550
314723
314752
314774
314940
315288
315398
315441
315455
315638
315710
315820
315857
316020
316035
316040
316101
316355
316364
316384
316405
316529
316928
316997
317127
317138
317209
317283
317571
317633
317665
317812
317900
318135
318254
318265
318310
318330
318337
318427
318478
318503
318504
318690
318724
318756
318889
319006
319146
319171
319312
319321
319909
319927
320115
320162
320282
320305
320428
320440
320528
320539
320592
320611
320788
320799
320957
320990
321202
321253
321263
321268
321305
321426
321483
321503
321611
321614
321634
321646
321850
321872
321947
322254
322498
322753
322806
322840
322918
322947
323128
323378
323430
323530
323656
323688
323705
323711
323789
323850
323904
324030
324158
324237
324384
324519
324902
325206
325223
325312
325463
325590
325610
325646
325716
325826
325832
326123
326212
326343
326394
326398
326533
326618
326623
326722
326731
326937
327185
327216
327404
327477
327578
327585
327652
327675
327732
327736
327775
327828
328138
328149
328207
328316
328398
328403
328597
328754
328946
329100
329336
329361
329421
329517
329608
329658
329665
329724
329859
330063
330081
330125
330257
330314
330515
330692
330743
330859
331019
331088
331483
331545
331686
331989
332197
332298
332324
332455
332471
332478
332501
332591
332759
332972
333016
333174
333380
333388
333545
334070
334076
334088
334111
334287
334331
334503
334539
334593
334676
334728
334789
334879
334952
334959
335023
335286
335310
335409
335456
335588
335599
335705
335795
335858
335924
335979
336023
336130
336185
336248
336258
336337
336367
336392
336457
336489
336527
336946
336982
337017
337105
337128
337132
337217
337452
337462
337463
337481
337529
337677
337744
337747
337812
337871
337894
337905
337962
338079
338136
338173
338245
338355
338428
338965
339157
339215
339314
339462
339555
339564
339571
339655
339786
339861
339936
340209
340243
340677
340683
340826
340950
340997
341257
341301
341341
341400
341562
341663
341725
341833
342009
342390
342671
342778
343040
343196
343217
343386
343508
343633
343647
343703
343761
343954
344021
344055
344181
344260
344429
344570
344634
344679
344728
344747
344818
345131
345189
345771
345798
345980
346094
346219
346256
346372
346391
346410
346413
346561
346585
346767
346850
347013
347102
347262
347298
347336
347425
347432
347478
347543
347670
347706
348116
348274
348327
348431
348533
348540
348542
348670
348782
348783
348964
349238
349246
349257
349278
349348
349354
349467
349632
349848
350091
350096
350123
350267
350308
350369
350402
350668
350746
350748
350798
350799
351106
351197
351246
351300
351410
351664
351738
351890
352028
352146
352446
352616
352621
352802
352829
352884
353052
353057
353082
353158
353297
353400
353478
353580
353909
354019
354103
354220
354289
354291
354592
354635
354694
354819
354903
355014
355023
355086
355087
355242
355324
355422
355497
355682
355739
355885
355962
356003
356056
356128
356168
356268
356351
356386
356471
356546
356574
356703
357000
357205
357234
357235
357372
357578
357663
357786
357790
357902
357977
358045
358253
358464
358643
358788
358842
358870
358877
358988
359086
359119
359286
359388
359493
359494
360184
360205
360479
360627
360640
360774
361001
361331
361332
361460
361507
361566
361632
361768
361777
361955
362028
362112
362375
362380
362447
362545
362570
362579
362683
362795
362847
362966
363120
363526
363666
363691
363816
363892
363996
364011
364050
364146
364159
364267
364414
364420
364644
364881
364887
364969
365051
365128
365244
365347
365386
365854
365857
366117
366386
367113
367127
367256
367960
367994
368194
368299
368456
368514
368540
368581
368645
368683
368847
368972
369014
369038
369059
369141
369144
369380
369487
369616
369695
369806
370222
370512
370573
370649
370681
370726
370809
371135
371142
371200
371256
371299
371361
371415
371544
371646
371717
371730
371946
372020
372337
372348
372357
372386
372479
372631
372880
372985
372987
373009
373065
373206
373305
373305
373459
373590
373686
373706
373834
373962
374127
374129
374138
374256
374274
374450
374556
374670
374680
374741
374792
374848
375012
375238
375249
375275
375395
375450
375455
375526
375534
375568
375590
375665
375673
375733
375763
375962
376063
376282
376363
376370
376419
376835
376942
376948
376991
376999
377044
377415
377422
377615
377683
377728
377777
377957
377994
378005
378058
378159
378393
378482
378616
378630
378983
378999
379152
379286
379448
379526
379539
379583
379592
379607
379740
379868
379934
379955
380004
380289
380693
380927
381114
381164
381171
381331
381387
381395
381424
381496
381506
381516
381673
381692
381726
381772
381801
381803
381823
381828
381829
381882
381904
382260
382277
382427
382580
382683
382727
382765
382773
382788
382886
382935
383156
383178
383236
383276
383383
383403
383449
383480
383625
383692
383778
384014
384346
384365
384436
384725
384733
384794
384832
384853
384966
385016
385045
385069
385312
385318
385364
385421
385705
385707
385853
385859
385882
385919
385999
386048
386137
386353
386397
386401
386834
386929
387111
387141
387275
387557
387760
387910
387961
388009
388204
388205
388302
388305
388629
388642
388710
388795
389000
389178
389234
389324
389340
389369
389370
389424
389497
389534
389610
389636
389709
389711
389984
390073
390209
390247
390255
390256
390318
390420
390671
390733
390917
390941
391056
391075
391129
391415
391431
391518
391660
391794
392092
392106
392164
392216
392252
392305
392401
392434
392644
392691
392739
392812
392965
392970
393280
393314
393355
393492
393529
393587
393613
393682
393735
393973
394269
394371
394443
394444
394456
394518
394603
394791
394830
394835
394943
395053
395327
395334
395443
395565
395585
395631
395826
395870
396136
396144
396189
396215
396305
396369
396434
397009
397238
397314
397379
397459
397491
397517
397745
397879
397951
398105
398105
398187
398302
398359
398464
398763
398823
398906
399033
399052
399207
399338
399405
399503
399509
399546
399976
399995
400054
400215
400240
400278
400498
400625
400923
401021
401159
401189
401439
401547
401640
401715
401717
401985
402033
402068
402286
402410
402540
402552
402869
402981
403050
403059
403132
403157
403238
403638
403651
403671
403825
403943
404259
404260
404552
404667
404671
404709
404747
404894
404925
404944
405064
405109
405131
405222
405222
405225
405257
405275
405297
405419
405429
405437
405610
405722
405765
405910
405979
405986
406181
406198
406249
406370
406389
406398
406444
406520
406669
406890
406992
407125
407209
407321
407439
407479
407484
407518
407587
407676
407684
407722
407844
407913
407920
408076
408137
408247
408263
408337
408449
408602
408840
408879
408888
408890
409033
409072
409093
409109
409137
409361
409373
409377
409379
409391
409420
409710
409768
409893
409955
409972
410118
410131
410186
410214
410493
410515
410550
410553
410744
410838
410936
410940
411120
411137
411214
411296
411360
411364
411406
411681
411924
411972
412120
412122
412145
412233
412334
412369
412523
412525
412763
412766
412986
413040
413056
413109
413115
413244
413390
413509
413534
413621
413621
413638
413643
413674
413679
413780
413805
413824
413981
414185
414483
414551
414556
414592
414726
414731
414755
414806
414894
414955
414980
415246
415317
415376
415488
415586
415606
415695
415833
415888
415927
416050
416097
416156
416227
416260
416364
416432
416536
416591
416614
416679
416901
417191
417194
417211
417217
417267
417370
417444
417651
417728
417784
417830
418072
418216
418376
418440
418543
418548
418563
418693
418866
418916
419117
419175
419234
419256
419394
419581
419629
419646
419670
419760
419780
419896
420070
420073
420155
420204
420591
420652
420689
420833
421087
421150
421194
421292
421335
421474
421703
421708
421798
421813
421859
422068
422087
422433
422439
422525
422591
422786
422828
422869
422891
423124
423211
423286
423328
423464
423484
423780
423938
424014
424045
424360
424604
424606
424620
424671
424829
424832
425025
425119
425222
425261
425272
425486
425557
425655
426022
426055
426135
426564
426677
426825
427046
427088
427132
427137
427182
427202
427386
427584
427676
427795
427953
427982
427998
427999
428060
428103
428229
428294
428493
428629
428643
428720
428753
428957
429046
429381
429459
429556
429620
429664
429694
429720
429724
429879
430040
430088
430119
430183
430197
430262
430267
430370
430540
430745
430875
430886
431074
431198
431210
431237
431401
431457
431684
431741
431744
431760
431908
431941
431962
432131
432304
432384
432451
432475
432546
432650
432695
432750
433104
433212
433259
433317
433342
433538
433640
433710
433754
434099
434119
434469
434475
434536
434537
434572
434654
434739
434785
434847
434926
435032
435207
435678
435767
435775
435785
435956
435998
436155
436179
436263
436693
436726
437005
437022
437054
437119
437126
437240
437372
437453
437559
437572
437622
437757
437835
438013
438191
438237
438398
438676
438680
438842
438882
438922
438950
439014
439131
439153
439390
439462
439528
439555
439657
439714
439806
439829
439854
440102
440291
440478
440649
441032
441119
441170
441272
441274
441473
441730
441898
442003
442010
442277
442362
442373
442376
442433
442664
442766
442895
442919
443074
443167
443190
443281
443511
443717
443837
443894
443908
443908
443913
444072
444090
444202
444256
444354
444381
444487
444619
444676
444677
444691
444715
444766
444904
445100
445373
445421
445441
446279
446446
446584
446594
446799
446942
446989
447033
447049
447111
447141
447155
447229
447266
447377
447541
447578
447618
447669
447743
447765
447949
448061
448160
448292
448388
448714
448774
448791
448883
448938
448943
448976
449057
449133
449149
449372
449398
449441
449476
449521
449758
449806
450026
450077
450182
450213
450243
450407
450425
450542
450686
450749
450807
450910
451015
451517
451594
451648
451914
451927
452023
452024
452157
452312
452337
452400
452415
452692
452693
452731
452782
452940
453063
453228
453364
453366
453528
453947
454013
454106
454198
454317
454397
454493
454559
454625
454814
455143
455214
455533
455557
455709
455784
456045
456329
456427
456470
456472
456486
456514
456576
456672
456736
456755
456945
457085
457088
457104
457352
457434
457470
457563
457614
457627
457668
457716
457749
457883
457899
457915
457930
457964
457966
457973
458014
458221
458357
458509
458641
458654
458730
458784
458963
459006
459059
459192
459375
459409
459439
459475
459486
459734
459799
459864
460256
460272
460323
460346
460528
460538
460632
460968
461096
461260
461346
461494
461641
461695
461711
461722
461936
461939
461949
462056
462074
462132
462590
462761
462786
462881
462971
463150
463160
463167
463330
463581
463793
463994
464480
464658
464658
464666
464869
464913
464954
464975
465016
465195
465417
465504
465714
465728
465773
465829
465929
465969
465986
466192
466372
466406
466738
466777
466880
466889
466891
466894
466966
466972
467025
467268
467299
467300
467411
467422
467470
467550
467603
467846
467968
468130
468143
468193
468273
468320
468380
468692
468716
468725
468743
468770
468855
468895
469112
469431
469457
469671
469926
470293
470325
470391
470413
470499
470558
470631
470740
470813
470860
470948
471293
471333
471349
471529
471685
471797
471903
472075
472103
472208
472638
472876
472935
472945
473031
473108
473182
473215
473259
473302
473451
473484
473653
473667
473741
473815
473842
473847
473944
474038
474075
474103
474175
474235
474384
474447
474713
474997
475044
475052
475079
475291
475308
475367
475385
475441
475806
476026
476065
476169
476191
476193
476344
476403
476413
476421
476520
476619
476676
476683
476703
476946
477307
477503
477518
477519
477522
477723
477914
477952
478000
478198
478646
478737
478911
479257
479446
479588
479642
479645
479869
480721
480832
481037
481245
481283
481417
481437
481497
481784
481833
481988
481989
482074
482106
482187
482414
482447
482603
482809
482846
482848
482862
482891
482967
482968
482979
483089
483225
483343
483537
483600
483715
483935
484002
484057
484145
484164
484173
484187
484395
484482
484486
484965
485002
485112
485147
485213
485221
485329
485541
485597
485620
485771
485915
486232
486309
486627
486642
486676
486705
486708
486798
486944
487025
487186
487517
487823
487914
488035
488057
488141
488311
488313
488590
488601
488761
488764
488960
489214
489418
489691
489704
489894
490225
490235
490374
490522
490548
490714
490786
490818
490916
491117
491715
491716
491733
491853
492285
492297
492430
492434
492483
492840
493164
493217
493261
493342
493461
493492
493737
493847
493878
494103
494191
494582
494597
494645
494657
494768
495282
495397
495415
495446
495472
495496
495926
496159
496636
496699
496729
496853
496870
497037
497058
497150
497306
497367
497454
497491
497601
497634
497647
497663
497854
498079
498086
498448
498501
498536
498695
498990
499056
499190
499307
499378
499394
499561
499629
499742
499742
499897
500132
500263
500296
500533
500711
500810
500823
500974
501016
501122
501200
501671
501747
501767
501805
501807
501891
501894
501991
502086
502178
502270
502351
502511
502511
502610
502703
502841
502909
503051
503347
503430
503684
504151
504174
504259
504324
504520
504537
504589
504727
504978
505073
505321
505455
505495
505540
505703
505769
505855
505960
506167
506171
506349
506404
506522
506591
506620
506718
506846
506874
506886
506908
507120
507191
507196
507318
507326
507513
507555
507723
507737
507782
507866
507904
507998
508000
508023
508030
508046
508122
508159
508264
508271
508322
508351
508481
508606
508621
508643
508840
508845
508989
509358
509413
509581
509606
509704
509769
509841
509846
509871
509878
509888
509961
510149
510209
510523
510552
510597
510731
510761
510826
510885
510943
511169
511199
511267
511334
511474
511585
511610
511718
511832
512121
512131
512274
512353
512536
512578
512651
512775
512857
513015
513015
513034
513151
513187
513290
513416
513471
513531
513640
513703
513826
513847
513849
513891
514107
514187
514233
514321
514338
514405
514451
514533
514743
514797
514823
515289
515591
515701
515749
515762
515811
515856
515859
515868
516012
516014
516128
516300
516364
516408
516440
516466
516603
516632
516835
516882
516905
517026
517413
517456
517560
517970
518038
518176
518190
518222
518604
518821
518881
518919
518929
519014
519087
519106
519122
519180
519274
519328
519342
519386
519469
519561
519594
519802
519928
520469
520516
520520
520596
520682
520754
520771
520779
520830
521030
521076
521099
521208
521245
521360
521378
521406
521415
521434
521599
521631
521777
521794
522003
522052
522069
522126
522295
522304
522315
522403
522635
522650
522709
522892
522960
523120
523184
523309
523383
523466
523507
523688
523896
523990
523994
524157
524494
524636
524694
524865
524881
524972
524980
525062
525273
525489
525724
525749
525797
525826
525831
525862
525901
525964
525986
526039
526094
526224
526351
526356
526448
526472
526488
526497
526527
526542
526574
526749
526799
526809
526980
527197
527296
527319
527481
527530
527629
527706
527903
528247
528723
528741
528817
528855
529035
529087
529110
529123
529173
529385
529432
529439
529442
529482
529483
529497
529516
529933
530121
530132
530173
530253
530489
530623
530740
530749
530883
531027
531115
531354
531456
531691
531730
531838
531945
532026
532063
532142
532218
532599
532850
532925
532942
533198
533259
533447
533703
533733
533751
533782
533816
533951
533964
533987
534524
534848
534943
535033
535243
535248
535277
535297
535306
535323
535397
535639
535698
535787
535843
535880
535942
536221
536250
536286
536356
536480
536765
536877
536971
537069
537070
537362
537384
537422
537507
537511
537576
537781
538178
538266
538350
538395
538614
538638
538665
538927
539004
539087
539109
539211
539266
539514
539656
539763
539773
539846
539882
539974
540044
540068
540098
540114
540216
540268
540392
540494
540556
540674
540912
540914
541055
541332
541435
541525
541606
541711
541762
541935
541944
542003
542007
542162
542191
542239
542308
542414
542445
542446
542479
542513
542531
542575
542672
542673
542704
542776
542868
543036
543156
543212
543311
543326
543343
543650
543721
543765
543867
544194
544324
544331
544628
544751
544753
544789
545031
545179
545336
545339
545358
545440
545480
545587
545604
545691
545725
545820
545839
546214
546255
546367
546474
546523
546557
546653
546758
546767
547111
547142
547160
547405
547424
547427
547720
547844
547845
547907
547986
548048
548284
548326
548421
548425
548516
548570
548615
548698
548727
548986
549338
549565
549569
549590
549630
549845
549936
550182
550259
550295
550363
550479
550588
550750
550822
550863
551146
551148
551265
551434
551490
551661
552005
552140
552231
552332
552437
552634
552847
553088
553277
553354
553461
553481
553483
553531
553556
553654
553854
553910
554029
554367
554491
554544
554570
554633
554661
554724
554769
554851
554884
555124
555132
555201
555226
555271
555385
555436
555445
555507
555656
555735
555787
555986
556024
556045
556102
556140
556273
556312
556404
556439
556668
557023
557034
557298
557316
557330
557368
557375
557715
557718
557729
557767
557800
557815
557960
557980
558098
558117
558157
558263
558274
558355
558792
558806
558835
559173
559247
559335
559362
559466
559564
559576
559632
559803
559973
560162
560202
560225
560324
560479
560594
560752
560815
560942
561074
561143
561158
561261
561294
561323
561399
561450
561493
561562
561655
561729
561777
561854
561970
562008
562009
562079
562089
562134
562327
562444
562472
562725
562900
562940
563003
563008
563168
563181
563382
563429
563675
563735
563840
564022
564062
564215
564345
564475
564491
564731
564862
564870
564890
564988
565029
565089
565193
565202
565312
565320
565497
565652
565709
565747
565755
565795
565838
565961
565962
566347
566425
566538
566584
566678
566746
566845
566879
566883
566888
566958
567237
567243
567259
567268
567417
567440
567546
567673
567759
567951
567988
568077
568110
568162
568200
568219
568251
568315
568342
568381
568434
568508
568880
568906
569327
569381
569395
569745
569807
569922
570069
570161
570174
570216
570262
570266
570292
570574
570818
570859
570893
571033
571046
571048
571064
571385
571400
571453
571504
571748
572129
572130
572164
572226
572595
572645
572733
572818
572876
572977
573356
573394
573464
573467
573555
573738
573777
574155
574167
574203
574217
574221
574272
574345
574472
574543
574564
574567
574732
574847
574889
574939
575101
575114
575310
575433
575532
575597
575914
576084
576096
576255
576257
576283
576390
576648
576667
576798
577083
577137
577179
577200
577261
577268
577307
577389
577441
577569
577628
577773
577832
577838
577980
577980
578187
578189
578366
578389
578424
578537
578755
578800
578800
579104
579117
579179
579330
579482
579540
579582
579664
579798
579815
579826
579847
579889
580055
580110
580168
580216
580407
580476
580504
580587
580674
580805
580948
580956
580981
581044
581049
581105
581509
581578
581676
581981
582019
582043
582117
582253
582278
582326
582478
582478
582494
582660
582687
582842
582860
582862
583075
583174
583220
583244
583276
583330
583460
583580
583676
583999
584045
584127
584367
584453
584500
584505
584542
584546
584835
584959
585026
585241
585509
585536
585547
585600
585742
585759
585787
585816
585916
585946
586065
586208
586253
586271
586285
586432
586454
586637
586851
586861
587078
587128
587322
587492
587557
587658
587798
587997
588125
588182
588215
588254
588371
588407
588475
588578
588767
588772
588800
589005
589012
589023
589056
589150
589198
589266
589341
589368
589440
589726
589754
589821
589866
589882
589995
590003
590141
590218
590406
590441
590671
590778
590892
590901
590949
590962
591072
591110
591176
591350
591428
591513
591840
591861
591960
591990
592272
592538
592551
592582
592685
592694
592694
592977
593035
593089
593283
593405
593517
593629
593688
593847
593859
594154
594621
594765
594834
594898
594926
594965
595246
595324
595630
595729
595758
595765
595943
595996
596132
596197
596620
596699
597024
597066
597165
597220
597241
597287
597295
597461
597489
597527
597597
597682
597769
597853
597958
597991
597994
598141
598264
598293
598372
598524
598543
598555
598605
598618
598619
598621
598624
598845
599182
599301
599304
599382
599687
599824
599919
599999
600104
600164
600592
600697
600784
600807
600824
600989
601211
601308
601379
601441
601544
601615
601706
601812
601815
601844
601963
602017
602167
602201
602296
602374
602566
602620
602653
602704
602718
602767
602771
602931
602978
603167
603174
603183
603239
603382
603465
603519
603574
603586
603601
603611
603834
603913
603951
604071
604144
604260
604275
604281
604461
604467
604516
604592
604620
604633
604754
604775
605213
605245
605432
605499
605590
605725
605767
605894
605896
606127
606187
606193
606245
606260
606593
606628
606846
606984
606998
607439
607440
607545
607552
607557
607583
607598
607675
608169
608208
608250
608689
608739
608923
608985
609094
609119
609138
609227
609257
609289
609320
609728
609767
609993
610064
610129
610178
610178
610282
610326
610338
610368
610381
610462
610510
610620
610820
610973
611047
611425
611447
611502
611650
611675
611701
611914
612170
612348
612407
612541
612580
612744
612814
613006
613072
613125
613140
613143
613481
613538
613641
613651
613663
613951
613966
614079
614128
614356
614515
614592
614686
614712
614715
615036
615114
615289
615343
615419
615421
615644
615690
615881
615905
615911
616069
616071
616124
616474
616500
616538
616567
616585
616644
616709
616729
616729
616766
616804
616945
616982
617066
617133
617137
617200
617270
617599
617643
617694
617940
618107
618185
618189
618329
618368
618524
618600
618723
618724
619252
619280
619335
619383
619437
619467
619479
619518
619680
619723
619743
619791
619861
619942
620037
620099
620275
620616
620699
620754
620837
620863
620870
620898
620960
621105
621248
621317
621566
621739
621865
621922
622123
622450
622733
622756
622771
622872
622963
623168
623262
623343
623509
623636
623694
623883
623978
624138
624156
624221
624352
624438
624452
624735
624862
625000
625020
625313
625328
625349
625381
625405
625458
625529
625736
625882
625955
625957
626000
626037
626160
626164
626206
626282
626486
626511
626529
626571
626709
626881
626924
627007
627022
627437
627531
627646
627676
627861
628105
628136
628160
628215
628290
628388
628569
628573
628609
628823
628905
628930
628973
629016
629031
629073
629590
629595
629597
629610
629625
629766
629781
629794
629801
629846
629906
629940
630035
630159
630370
630901
630959
630984
631054
631244
631354
631415
631583
631606
631635
631777
632137
632156
632327
632483
632567
632605
632699
633099
633122
633255
633308
633583
633589
633616
633640
633644
633753
633850
633897
633938
634094
634164
634321
634365
634419
634467
634469
634531
634532
634534
634561
634714
634781
634813
634858
634865
635018
635087
635251
635324
635526
635562
635586
635639
635888
636096
636296
636520
636586
636597
636974
637016
637183
637184
637380
637411
637479
637511
637707
637772
637804
637939
637957
638004
638063
638123
638127
638207
638286
638434
638546
638633
638672
638688
638708
638750
638765
638772
638825
638849
638979
639067
639420
639532
639541
639635
639641
639649
639717
639849
639945
640013
640116
640132
640180
640300
640429
640539
640545
640616
640683
640716
640740
640795
641084
641130
641149
641162
641179
641204
641215
641258
641285
641644
641728
641800
641948
642162
642163
642183
642184
642212
642252
642340
642402
642483
642820
642930
643037
643059
643089
643098
643423
643518
643548
643577
643693
643880
643905
643992
644029
644107
644514
644573
644670
644828
644869
644966
644984
645073
645094
645473
645590
645617
645972
645992
646010
646050
646056
646095
646168
646226
646243
646416
646451
646633
646740
646864
646965
647115
647195
647214
647333
647364
647785
647905
647950
648042
648079
648088
648108
648169
648238
648296
648341
648639
648662
648693
648892
648957
649099
649238
649276
649287
649467
649861
649866
650001
650258
650325
650456
650537
650696
650757
650822
650991
651012
651019
651048
651086
651296
651424
651445
651479
651564
652044
652301
652376
652449
652479
652557
652854
652955
653006
653059
653153
653331
653703
653754
653792
653806
653859
653921
654094
654181
654181
654239
654590
654724
654790
654889
654968
655212
655340
655479
655712
655793
655863
655931
656244
656333
656417
656659
656683
656744
656750
656770
656775
656787
656803
656906
656941
656959
657051
657185
657549
657586
657606
657658
657668
657687
657706
657731
657741
657912
657921
657923
657965
657976
658032
658049
658178
658282
658346
658635
658637
658693
659354
659413
659429
659523
659534
659644
659946
659979
660012
660500
660612
660684
660703
660991
661096
661170
661174
661178
661506
661539
661640
661722
662003
662060
662084
662139
662172
662182
662194
662344
662437
662578
662579
662779
662983
663011
663048
663138
663141
663278
663474
663563
663591
663631
663633
663742
663759
663776
663805
663856
663887
663929
663994
664104
664105
664171
664182
664209
664348
664352
664388
664428
664502
664604
664715
664795
664929
665030
665085
665159
665174
665196
665293
665593
665646
665729
665856
665888
666041
666046
666150
666186
666278
666322
666380
666422
666426
666447
666627
666977
667007
667098
667193
667342
667379
667496
667506
667528
667560
667611
667722
667753
667792
667864
667883
667999
668157
668286
668624
668700
669184
669370
669471
669541
669585
669694
669729
669732
670063
670828
670842
670921
671042
671085
671106
671143
671302
671315
671336
671402
671536
671748
671918
672252
672267
672404
672422
672435
672465
672499
672586
672723
672805
672883
672901
673187
673234
673330
673363
673530
673761
673775
673798
673950
674045
674191
674213
674343
674431
674436
674694
674744
674771
674819
674899
675100
675365
675438
675574
675710
675710
675755
675919
676000
676127
676289
676326
676385
676405
676462
676484
676541
676573
676627
676683
676705
676776
676907
676937
677109
677399
678080
678107
678108
678180
678237
678372
678569
678590
678617
678657
678772
678986
679043
679245
679291
679295
679417
679531
679554
679590
679780
679834
679904
679904
679921
680094
680151
680231
680267
680348
680479
680680
680732
680983
681107
681197
681412
681425
681525
681529
681617
681686
681796
682414
682606
682677
682712
682715
683199
683209
683348
683484
683620
683707
683776
683803
683978
684069
684225
684239
684305
684412
684656
684695
684748
684794
684797
684997
685054
685379
685502
685595
685631
685664
685713
685918
685939
686128
686262
686348
686385
686460
686639
686655
686734
686743
686792
686856
686927
686934
687084
687146
687358
687554
687744
687744
687932
687975
687998
688537
688706
689097
689270
689298
689850
689884
689897
690199
690399
690615
690819
690912
690987
691206
691258
691384
691516
691529
691542
691585
691677
691749
691944
691989
692374
692454
692489
692705
692953
692959
692975
693077
693133
693145
693184
693215
693314
693380
693419
693591
693623
693674
693744
693792
693799
693837
693926
694022
694034
694058
694127
694371
694374
694448
694453
694558
694686
694740
694755
694802
694829
695229
695313
695356
695357
695590
695663
695770
695989
696030
696094
696223
696241
696324
696332
696412
696433
696445
696502
696528
696585
696624
696664
696742
696812
696951
696987
696988
697003
697534
697621
697642
697645
697648
697875
698066
698069
698190
698439
698442
698516
698551
698551
698580
698583
698637
698674
698807
698871
698969
699143
699228
699280
699312
699416
699422
699447
699495
699562
699566
699656
699716
699748
699948
699950
699969
700198
700249
700306
700312
700333
700360
700380
700572
700649
700692
700885
700953
701043
701124
701472
701659
701725
701753
701790
701953
702030
702065
702457
702576
702694
702732
702876
703129
703165
703289
703292
703296
703371
703442
703535
703699
703717
703741
703802
703870
703888
703929
704074
704107
704357
704546
704616
704751
705144
705156
705305
705469
705519
705581
705606
705617
705726
705884
706006
706052
706168
706189
706192
706530
706645
706693
706705
706759
706760
706806
706857
706930
706941
706966
706992
706993
707187
707373
707406
707851
708200
708204
708227
708316
708398
708630
708721
708789
708848
709025
709301
709445
709509
709636
709761
709806
709941
710225
710228
710235
710278
710331
710381
710401
710421
710573
710605
710965
711149
711262
711275
711377
711543
711564
711574
711642
711668
711858
711982
712038
712680
712726
712869
713014
713047
713072
713104
713180
713295
713331
713758
713774
713913
714034
714172
714194
714339
714425
714431
714438
714555
714665
714740
714799
714818
715125
715154
715273
715448
715463
715572
715691
715809
715809
715963
716008
716050
716230
716376
716450
716639
716704
716850
717021
717097
717121
717129
717137
717252
717337
717512
717855
717980
718057
718128
718212
718270
718420
718432
718449
718716
718910
718945
719001
719048
719067
719081
719242
719291
719442
719700
719780
719857
719921
719983
719987
719997
720153
720185
720449
720504
720654
720710
720846
721074
721195
721379
721403
721469
721552
721767
721832
721971
722165
722244
722250
722439
722513
722525
722668
722686
722749
722833
722844
723150
723175
723181
723227
723281
723689
723742
724050
724168
724236
724307
724369
724475
724541
724547
724615
724630
724952
725193
725357
725491
725638
725701
725708
725764
725894
726026
726125
726261
726374
726395
726460
726543
726631
726769
726780
727030
727115
727262
727381
727538
728301
728494
728507
728516
728693
728704
728709
728917
729052
729348
729349
729701
729958
730040
730125
730409
730435
730459
730685
730685
730794
730935
730951
730991
731109
731119
731137
731611
731632
731677
731692
731840
731877
732024
732048
732258
732494
732718
732802
732921
733008
733142
733176
733205
733843
733882
733899
733917
734105
734193
734348
734440
734509
734648
734660
734772
735122
735369
735414
735565
735722
735828
736141
736175
736270
736325
736339
736482
736500
736625
736690
736775
736789
736831
736847
737015
737047
737089
737092
737280
737901
737938
738303
738334
738612
738669
738762
738773
738802
738961
739003
739037
739044
739130
739205
739280
739311
739326
739410
739413
739509
739524
739536
739563
739656
739695
739747
739839
739862
740131
740166
740190
740206
740278
740407
740711
740996
741081
741216
741249
741254
741389
741536
741640
741682
741799
741891
741931
742058
742240
742241
742303
742433
742565
742572
742586
742599
742685
742753
743058
743082
743145
743274
743310
743635
743805
743912
743943
743953
743983
744030
744107
744119
744342
744358
744428
744498
744783
744900
744929
745061
745068
745072
745130
745213
745274
745326
745379
745425
745545
745564
745619
745681
745963
746038
746160
746286
746400
746526
746586
746619
746636
746903
746938
747138
747142
747265
747278
747300
747308
747329
747380
747565
747586
747655
747755
747811
747859
747922
748163
748171
748279
748307
748477
748509
748540
748596
748763
748785
748935
749011
749070
749073
749475
749657
749851
750001
750003
750014
750103
750154
750240
750367
750543
750701
750777
750808
750992
751022
751185
751202
751269
751337
751340
751372
751451
751482
751490
751509
751514
751645
751753
751982
751987
752079
752243
752304
752331
752508
752679
752870
752965
753022
753123
753270
753306
753338
753355
753389
753438
753452
753543
753777
753798
753830
753882
753925
754095
754185
754362
754555
754608
754717
754718
754789
754875
754935
755081
755155
755361
755364
755577
755683
755824
756150
756277
756361
756421
756553
756654
756702
756746
756825
756916
757039
757434
757805
757906
757991
758256
758334
758344
758423
758643
758683
759214
759319
759338
759367
759553
759747
759774
759792
760025
760078
760092
760093
760354
760391
760621
760658
761029
761211
761311
761407
761424
761499
761618
761657
761724
761871
761881
761949
762026
762108
762253
762262
762301
762307
762469
762849
762975
762978
762987
763074
763216
763219
763237
763396
763784
763978
764024
764131
764490
764687
764835
764892
765060
765170
765514
765709
765748
765804
765861
765882
765918
765996
766064
766334
766353
766409
766665
766725
766748
766769
766823
766986
767008
767099
767109
767149
767206
767283
767375
767515
767533
767607
767834
767846
768179
768238
768245
768275
768291
768373
768547
768576
768584
768639
768691
768744
768917
768969
769020
769323
769372
769409
769493
769677
769887
769892
770049
770162
770169
770390
770391
770439
770442
770673
770745
770995
771120
771122
771159
771234
771250
771341
771425
771560
771644
771732
771754
771790
771810
771816
771886
771991
772058
772371
772557
772629
772703
772818
772819
772928
772998
773169
773270
773327
773477
773515
773617
773655
773671
773938
773968
773989
774163
774184
774299
774393
774833
775025
775079
775091
775156
775193
775234
775435
775534
775566
775605
775790
775948
776026
776076
776387
776433
776480
776500
776534
776567
776588
776617
777032
777103
777204
777228
777307
777402
777417
777467
777476
777492
777525
777655
777676
777886
777908
777953
778145
778147
778161
778204
778250
778479
778588
778757
778811
778849
778928
778942
778965
778986
779048
779090
779097
779179
779267
779383
779490
779529
779760
779802
779983
780022
780074
780250
780275
780348
780758
780768
780773
780775
780829
780918
780936
780958
780989
781052
781080
781146
781377
781400
781488
781507
781576
781597
781793
781830
781988
782016
782235
782288
782356
782764
782928
783036
783067
783183
783372
783414
783451
783600
783659
783800
783842
783896
784032
784078
784241
784274
784370
784411
784480
784717
784798
784967
785001
785049
785096
785167
785273
785411
785437
785480
785650
785787
785906
786083
786346
786462
786618
786811
786865
786917
787068
787245
787287
787413
787481
787546
787692
787696
787812
787838
787859
787963
788050
788114
788168
788266
788494
788844
788931
788952
788955
789054
789144
789157
789227
789285
789413
789417
789461
790026
790038
790056
790087
790128
790298
790395
790463
790665
790852
790934
791221
791292
791500
791547
791590
791673
791711
791925
791972
792134
792220
792530
792577
792585
792758
792788
792834
792856
792863
792864
792871
793161
793185
793249
793358
793458
793517
793530
793559
793578
793600
793624
793864
793873
794076
794101
794160
794362
794557
794579
794588
794682
795102
795250
795296
795299
795529
795546
795925
795969
796121
796346
796515
796567
796650
796691
797006
797015
797130
797248
797279
797315
797337
797402
797595
797755
797910
797983
798116
798124
798168
798211
798320
798506
798524
798547
798549
798591
798614
798631
798784
798938
799031
799032
799100
799162
799195
799306
799399
799468
799513
799657
799678
800156
800182
800374
800563
800569
800653
800688
800701
800719
800749
800784
800841
800846
800929
801101
801190
801248
801547
801692
801882
801934
801955
802040
802184
802297
802820
802941
803178
803614
803705
803872
803893
803963
804152
804219
804280
804478
804528
804594
804670
804765
804895
804963
804994
804999
805047
805074
805171
805761
805837
806111
806213
806277
806279
806396
806508
806748
806753
806862
806956
806963
806984
806988
807088
807118
807209
807248
807305
807360
807382
807428
807514
807530
807603
807907
807930
807987
808195
808253
808285
808315
808370
808407
808643
808697
808865
808954
809016
809116
809231
809266
809429
809445
809750
809935
809978
810069
810071
810149
810380
810510
810915
811005
811042
811125
811317
811375
811382
811442
811549
811709
811716
811744
811757
811759
811768
812105
812299
812332
812425
812430
812498
812648
812706
812846
812850
813203
813408
813476
813478
813777
813869
814023
814085
814113
814147
814212
814472
814491
814672
814694
814816
815040
815086
815176
815184
815235
815292
815414
815489
815513
815600
815610
815745
816056
816090
816201
816488
816588
816603
816671
816737
816883
816996
817059
817105
817244
817375
817377
817387
817556
817654
817669
817737
818046
818188
818203
818279
818287
818297
818396
818841
819173
819242
819260
819541
819912
820006
820013
820115
820215
820351
820461
820511
820520
820655
820697
820767
820949
821082
821121
821210
821219
821363
821610
821727
821872
821883
821931
821973
821979
822183
822298
822520
822573
822603
822644
822716
822731
822733
822857
822939
822949
822994
823072
823080
823132
823743
823926
824168
824267
824340
824568
824630
824667
824715
824792
824866
824916
824934
824981
825260
825362
825505
825846
825927
825948
826007
826300
826526
826584
826616
826815
826904
826941
826993
827031
827253
827309
827352
827470
827530
827534
827598
827609
827805
827869
828014
828064
828244
828293
828427
828455
828549
828562
828631
828845
828862
828918
828942
829032
829397
829436
829487
829544
829617
829630
829786
829849
829928
830400
830433
830441
830499
830571
830633
830666
830724
830762
830843
830862
830870
830943
831015
831078
831082
831094
831186
831350
831385
831482
831509
831581
831653
831658
831693
831946
831964
831972
832038
832099
832305
832339
832466
832679
832872
832881
833089
833185
833369
833471
833670
833694
833714
833818
834046
834167
834178
834317
834502
834514
834848
835003
835075
835091
835279
835349
835391
835492
835598
835600
835670
835675
835740
835763
835833
835993
836287
836384
836453
836602
836697
836814
836997
837219
837272
837292
837513
837535
837565
837604
837756
837771
837779
837849
837980
838013
838121
838291
838523
838563
838584
838732
838942
838958
838958
839212
839524
839664
839813
839848
839881
839976
840247
840429
840818
841066
841092
841094
841106
841252
841299
841300
841361
841362
841587
841603
841731
841815
842121
842203
842444
842781
842796
842974
842981
842982
842986
843033
843054
843251
843332
843482
843772
843974
843976
844214
844244
844254
844417
844555
844562
844758
844773
844816
844976
845057
845188
845330
845456
845469
845543
845682
845809
845813
846081
846128
846186
846224
846224
846379
846436
846562
846817
846899
847040
847104
847255
847259
847292
847294
847301
847317
847355
847435
847947
847973
848051
848278
848338
848451
848551
848696
848741
848747
848763
848798
848888
849032
849158
849207
849295
849348
849378
849585
849631
849635
849678
849697
849709
849908
849920
849979
850045
850204
850381
850462
850596
850633
850656
850828
850907
850930
850937
851028
851061
851179
851235
851316
851333
851449
851460
851496
851547
851580
851902
851917
851920
852107
852240
852331
852356
852440
852473
852744
852840
853346
853390
853408
853478
853503
853675
853976
853989
854122
854127
854433
854567
855104
855203
855320
855618
855678
855778
855820
855893
856202
856294
856419
856570
856575
856576
856605
856684
856699
856730
856939
857085
857121
857158
857328
857504
857629
857635
857763
857806
858050
858061
858218
858671
858709
858890
859105
859114
859210
859293
859384
859623
859876
859965
860217
860225
860241
860244
860309
860346
860510
860540
860569
860585
860670
860791
860958
861066
861133
861174
861386
861471
861498
861568
861856
861931
862274
862363
862405
862713
862788
862824
862904
862943
863175
863277
863384
863487
863624
863815
863894
864055
864061
864388
864401
864421
864648
864693
864739
865416
865447
865537
865632
865649
865668
866002
866080
866213
866422
866458
866477
866489
866523
866570
866681
866876
866994
867009
867304
867326
867352
867427
867443
867465
867482
867891
868033
868173
868227
868252
868298
868515
868578
868622
868738
868739
868846
868959
868964
869180
869417
869445
869455
869734
869782
869847
869855
869962
869998
870130
870429
870555
870719
870767
870823
870830
870844
870982
871028
871334
871390
871461
871688
871933
872008
872012
872030
872032
872076
872105
872167
872186
872280
872399
872462
872497
872658
872877
872997
873088
873095
873201
873272
873281
873439
873547
873548
873716
873812
873829
873862
873992
874001
874031
874179
874193
874382
874514
874672
874733
875128
875149
875229
875384
875428
875582
875615
875700
875735
875844
875848
875849
876043
876044
876432
876631
876723
876927
876973
876982
877170
877257
877313
877373
877375
877407
877549
877704
877850
877925
877940
878244
878345
878471
878502
878559
878593
878633
878694
878707
878760
878769
878846
879019
879355
879424
879545
879555
879708
879790
879837
879871
879923
880006
880014
880040
880101
880307
880323
880377
880457
880610
880740
880904
881006
881283
881296
881596
881687
881770
881869
882013
882082
882524
882588
882727
882742
882760
882971
883084
883153
883203
883245
883337
883557
883868
884175
884282
884411
884457
884485
884555
884704
884752
884770
884811
884818
884943
884995
885023
885277
885312
885356
885494
885598
885610
885612
885753
885788
885856
885865
885932
885943
885945
885957
886069
886156
886184
886244
886258
886319
886382
886502
886602
886985
887015
887030
887046
887118
887181
887271
887300
887361
887381
887383
887478
887499
887593
887750
887764
887843
887949
888078
888121
888148
888231
888256
888266
888277
888540
888695
888765
888845
888845
888903
889171
889174
889210
889380
889433
889603
889640
889691
889732
889783
890039
890133
890143
890259
890365
890428
890543
890609
890819
890833
890968
891058
891348
891362
891559
891756
892070
892236
892775
892931
893186
893204
893286
893599
893767
893909
893970
894006
894021
894357
894378
894445
894483
894494
894612
894640
894647
894712
894738
894763
894789
894790
894802
894813
894899
895333
895364
895419
895482
895488
895560
895716
895745
895840
895906
896209
896442
896546
896619
896620
896655
896784
896928
897082
897114
897177
897494
897577
897583
897704
897821
897834
898118
898206
898255
898275
898323
898374
898435
898522
898753
898786
899078
899111
899113
899317
899333
899351
899564
899726
899821
899902
899924
899931
899992
900077
900092
900128
900215
900221
900259
900382
900554
900623
900950
900950
901030
901165
901166
901231
901289
901471
902012
902073
902418
902454
902579
902624
902790
902874
903288
903385
903406
903516
903547
903581
903633
903905
903953
904319
904410
904637
904790
904808
904990
905061
905168
905289
905380
905688
905779
905893
906008
906061
906469
906510
906537
906663
906801
906943
906947
907220
907357
907376
907407
907448
907458
907555
907631
907671
907722
907902
908019
908025
908271
908446
908724
908843
909250
909334
909393
909428
909430
909448
909599
909703
909712
909940
909995
910132
910163
910263
910486
910585
910609
910698
910833
910959
911061
911090
911249
911283
911433
911460
911462
911619
911648
911656
911985
912577
912586
912612
912807
913020
913024
913026
913037
913187
913216
913237
913273
913287
913327
913420
913432
913499
913520
913576
913627
913905
914021
914090
914456
914487
914495
914685
914857
915248
915337
915393
915441
915447
915744
915846
915948
916074
916141
916151
916216
916276
916458
916594
916625
916642
916723
916805
916918
917202
917276
917426
917604
917652
917748
917878
917879
917887
917914
917925
918017
918024
918095
918217
918395
918534
918585
918612
918630
918660
918761
918914
918956
918993
919059
919289
919426
919565
919582
919618
919745
919790
919832
919853
919854
919894
919943
920023
920081
920472
920628
920797
920922
920971
921005
921010
921159
921305
921441
921482
921611
921702
921723
921884
921895
922047
922136
922240
922565
922621
922783
922807
922981
922993
923042
923168
923183
923356
923367
923415
923434
923670
923750
924013
924100
924136
924180
924244
924269
924288
924419
924445
924450
924455
924486
924811
924970
925031
925105
925190
925296
925331
925379
925447
925596
925714
925849
925849
925871
925884
925915
925917
925994
926047
926089
926120
926145
926301
926338
926342
926365
926439
926493
926509
926559
926583
926699
926902
927047
927136
927303
927398
927413
927544
927750
927757
927759
927787
927837
927962
928140
928150
928150
928820
929140
929335
929413
929480
929708
929787
929803
929860
929887
930016
930063
930071
930100
930253
930314
930501
930547
930591
930683
930755
930813
930894
931023
931077
931136
931264
931294
931417
931539
931558
931602
931661
931710
931726
932191
932197
932358
932480
932502
932508
932518
932603
933038
933093
933162
933357
933446
933786
933860
934099
934101
934116
934132
934132
934191
934256
934349
934417
934459
934547
934633
934638
934656
934665
934814
934894
934938
935057
935133
935237
935296
935360
935725
935769
935841
936161
936299
936327
936396
936428
936461
936470
936511
936963
937033
937138
937388
937401
937645
937711
937780
937937
938040
938338
938374
938542
938862
938874
939074
939191
939207
939257
939484
939511
939526
939634
939658
939704
939721
939756
939819
939824
939884
939907
940066
940096
940123
940294
940605
940906
940923
941049
941141
941153
941331
941545
941733
941769
941857
942001
942053
942203
942393
942420
942648
942665
942748
942809
943140
943280
943294
943354
943544
943822
943946
943948
943964
944025
944046
944078
944285
944428
944484
944605
944621
944658
944726
944727
944742
944781
944788
944797
944967
945001
945154
945326
945445
945647
946100
946323
946644
946689
946719
946890
947000
947295
947342
947576
947595
947607
947874
947917
947962
948026
948068
948133
948269
948309
948317
948326
948496
948507
948846
948917
948920
949028
949030
949047
949091
949160
949365
949770
949791
949798
950002
950276
950325
950387
950582
950594
950630
950912
950936
951021
951024
951043
951044
951183
951291
951330
951462
951518
951535
951602
951704
951866
952456
952825
952848
952855
953045
953126
953190
953291
953303
953337
953524
953534
953642
953652
953838
953961
954100
954239
954454
954596
954641
954700
954750
954762
954770
954881
954992
954998
955046
955564
955621
955738
955776
956206
956228
956299
956320
956630
956808
956815
957055
957111
957116
957415
957536
957572
957606
957657
957658
957804
958029
958111
958233
958336
958349
958430
958523
958536
958620
958696
958733
959071
959257
959306
959310
959430
959701
959787
960088
960116
960155
960220
960400
960511
960585
960616
961037
961084
961168
961556
961628
961700
961747
961981
961987
962285
962474
962517
962520
962626
962696
962728
962738
962858
962895
963054
963097
963182
963187
963215
963361
963376
963562
963611
963688
963720
963806
963854
964599
964699
964843
965211
965359
965439
965451
965451
965722
965747
965930
966046
966046
966199
966364
966385
966557
966725
966820
967026
967050
967113
967132
967272
967370
967390
967535
967741
967769
967804
967814
968089
968120
968180
968269
968332
968334
968381
968383
968534
968621
968945
969077
969105
969117
969236
969417
969472
969652
969687
969699
969739
969757
969915
969967
970063
970133
970149
970199
970241
970342
970385
970391
970410
970533
970587
970612
970684
971036
971312
971331
971615
971780
971780
971783
971881
971924
972005
972250
972312
972373
972424
972456
972555
972692
972814
972860
972934
972979
972981
973041
973231
973305
973344
973368
973473
973702
973709
973931
974091
974130
974352
974527
974604
974616
974632
974674
974838
975035
975503
975626
975702
975754
975939
976006
976044
976199
976326
976582
976607
976700
976744
976812
976891
976893
976982
977148
977166
977271
977427
977440
977474
977552
977566
977650
977821
977978
978040
978061
978065
978241
978304
978314
978362
978381
978446
978548
978557
978615
978674
978828
978873
978875
978987
979028
979066
979182
979372
979500
979522
979553
979608
979621
979663
979696
979745
979757
979826
979879
980020
980077
980607
980690
980756
980800
981003
981367
981523
981526
981552
981589
981593
981647
981785
981832
981943
982059
982061
982091
982179
982390
982398
982495
982526
982610
982704
982837
982838
982840
982850
982951
983167
983673
983683
983732
983775
983931
984199
984248
984413
984467
984535
984551
984685
984689
984793
984938
984940
984992
985125
985194
985274
985402
985480
985523
985580
985632
985690
985858
985900
985969
986054
986223
986270
986278
986350
986474
986624
986688
986803
986833
986920
986953
986986
987092
987096
987545
987630
987730
987779
987845
987974
988028
988041
988123
988278
988381
988382
988519
988536
988685
988738
988743
988759
988761
988775
988908
989043
989207
989302
989418
989677
989749
989787
989831
989962
990120
990187
990189
990274
990284
990338
990450
990497
990513
990614
990685
990826
990874
990951
991007
991044
991256
991266
991286
991477
991536
991553
991641
991709
991730
991785
991825
992039
992183
992327
992337
992430
992516
992879
992947
993148
993155
993220
993402
994000
994000
994100
994104
994113
994120
994172
994264
994318
994381
994493
994498
994534
994553
994569
994611
994616
994724
994910
995054
995171
995191
995201
995267
995356
995376
995456
995610
995613
995648
995702
995740
995789
995819
995936
995967
996042
996200
996787
996907
997193
997304
997328
997345
997377
997493
997738
997856
998041
998079
998087
998128
998197
998270
998277
998308
998453
998630
998732
998791
998909
998979
999013
999024
999057
999058
999747
