100
6206
9042
31876
32629
35119
38321
42688
43643
51203
60046
66252
99533
129275
140867
152619
168085
170792
184582
188289
189368
196634
223687
252774
288901
335337
340287
342708
353461
359292
360500
370246
372421
383129
389665
395383
395554
399785
439886
444879
456514
458016
461636
468344
497135
508874
511987
512439
513187
516761
525474
540506
544708
545552
554810
571644
599438
602645
602857
609283
615473
637897
642266
646407
656296
662863
669513
672104
674706
677482
695161
696062
714813
732691
743824
753375
776453
779053
805160
808795
815573
830230
831554
853780
866851
874011
885839
886409
888412
897454
901275
903156
915001
915311
929895
933151
941049
955122
958514
996126
999690
