1000
150
1175
1544
2348
2540
2828
3034
3173
3392
6206
6319
6399
8111
8140
8199
9042
10660
11275
11999
12210
12249
14770
16113
19350
21623
24135
25072
26192
26821
28065
29264
30377
31182
31721
31876
32629
33741
34879
35119
35890
36755
37037
38069
38096
38321
38665
39117
39969
40472
42688
43134
43643
44763
45436
45476
46351
46601
46948
48007
48401
48813
49581
50152
50231
50681
51203
55213
55709
58139
58532
60046
60732
61842
64395
64412
64494
65039
66252
66595
68175
68236
68383
69492
70522
71148
72653
72748
73243
73321
75009
76227
76334
76360
76535
78044
78505
81013
82817
83501
84514
86164
87920
89903
90167
90228
91288
91399
93342
94022
94643
94883
95283
96657
97515
98488
99204
99533
102009
102321
102806
103547
104046
104263
105437
106952
107102
108126
112377
115635
115957
117107
117929
118185
119671
121385
121434
121661
123128
124563
125579
127529
129275
131051
133395
134762
135270
135798
137733
137759
138194
139208
140129
140757
140867
142509
144119
144174
144889
145642
146460
146634
148255
148659
149779
151330
151871
152619
152994
153496
153932
154340
156366
157748
157879
157975
158128
159631
160570
160832
161678
164281
166374
166815
167249
168001
168085
168463
169119
169852
170574
170792
170897
171388
172245
176242
178713
179841
183211
183489
184494
184582
184810
184976
185940
187945
188289
189368
189749
189838
191166
191883
192514
194407
194938
195701
196485
196634
198745
199511
199516
200734
200870
202599
206724
207316
208148
208256
209152
209293
210214
210692
211232
211373
212435
213672
213898
214084
214178
214974
215048
215659
217254
220674
222732
223167
223687
223771
223842
225085
226828
229171
232062
232390
233468
234727
235320
239077
240859
244919
245542
250381
252774
253615
255432
256422
258430
260569
261030
263585
264084
264635
265284
265928
266055
266600
267430
268816
269312
270102
270539
270993
271902
272885
274582
277231
280296
288151
288901
289498
290402
290906
292871
295401
295709
295891
296247
298890
299420
300382
300407
300875
303685
303951
304030
306634
306916
306990
307072
309646
309957
310599
311082
311349
312019
313014
313190
313355
313405
313518
313555
314324
319412
325746
326413
328321
328360
332000
332115
333513
334004
334582
334990
335062
335337
335861
336670
336841
337992
339443
340287
340701
341075
341962
342425
342708
343577
343806
344365
345223
346475
349498
351222
351303
351740
353461
354891
357468
358347
359024
359292
360500
360628
362357
363031
364120
364133
364406
367041
368445
370246
372421
375240
375531
375805
376031
376058
377685
378675
379112
379428
379446
379891
383129
383250
383441
384383
384720
385292
387424
387537
387795
388766
389665
390863
391589
392305
392521
393911
394018
394465
395383
395554
396750
397739
398230
399567
399641
399785
400826
401100
401790
406758
406952
407010
408734
410508
412307
413308
414792
414958
416841
417634
418048
418067
419889
423717
425303
428078
428872
432373
432482
435169
435699
437005
438182
438663
439886
440290
440718
441289
441727
442979
443978
444879
446073
446130
446137
446888
447007
449737
449738
449995
450324
453123
454386
455391
456471
456514
456765
457221
458016
458139
458435
459211
459662
459751
461636
462483
464131
465585
466783
468344
468516
469800
472053
473254
473344
475550
475660
477048
478335
480486
481512
481831
483456
484419
485858
486774
488455
489525
490284
491459
491652
491898
493580
495099
497135
497989
499653
500408
501293
504595
508874
509554
511368
511987
512075
512439
513137
513187
516761
518226
518246
521077
521511
521856
524690
525401
525474
526994
528737
529350
529394
532465
532797
534376
535516
536030
536250
537838
538003
538918
539662
540279
540506
542248
543894
544708
545131
545552
545688
546137
547275
547785
548305
548398
548943
553899
554581
554810
556889
560412
560668
563154
563333
563988
565538
568747
570889
571644
575571
577208
577977
579130
580853
582033
583171
585999
586086
588471
588644
588943
590232
590432
592627
592745
593573
594039
594556
596249
598849
599255
599333
599438
599491
600049
600821
600952
602343
602645
602845
602857
602965
603524
603907
605171
605863
608139
608616
608801
609031
609283
612000
613115
613123
615473
617842
618152
621366
623644
624627
625524
626424
626592
628249
628388
633207
633400
633416
634525
634614
635357
635924
636103
636434
636642
637897
639579
639726
639757
642266
642627
644417
644949
646407
647305
647417
648321
648333
648610
648919
649874
650364
650488
651585
652272
652618
653128
655271
655444
656296
657405
658284
659432
660792
661328
661636
661829
662863
662976
663327
663538
663958
664734
665069
665167
665900
668892
669513
671198
672104
672208
674706
675001
675893
675929
676435
676859
676861
677112
677416
677482
677656
677689
677997
682280
682315
682568
684704
685066
686246
686930
687438
687513
687550
688634
690687
691162
692598
693329
694634
695161
695958
696062
698903
699597
700804
700877
701919
702758
706290
706813
707523
708742
710246
710295
710683
712018
713747
713858
714296
714682
714813
717405
717938
718665
718956
719160
719768
720148
720463
720702
720966
721537
721644
722303
722451
722881
722986
723500
724821
727144
727922
727931
730891
732469
732523
732691
734461
734876
738882
739278
739591
740961
741763
742821
742999
743824
749101
749393
751077
752097
752277
752886
753053
753375
754352
755088
755337
756305
758072
758473
760935
761033
763439
764612
765851
766837
768000
768246
768768
769053
770115
771055
771662
772727
772752
776453
779053
779580
780342
780967
781200
781814
782069
782566
783173
783419
785567
787736
790188
791801
792166
792703
796906
797610
799013
799298
800614
800800
802294
802404
803480
804983
805160
805248
808795
808997
809064
810113
811620
813643
815573
818348
820120
820131
822044
823869
824198
825503
825521
825962
826310
826650
827262
827582
829610
829743
830230
831554
833156
833764
835423
836805
837168
839312
840467
841574
841599
842991
843878
845484
846261
846935
849203
849446
852015
853576
853743
853780
855911
856073
856738
856918
859554
860885
861889
864893
866851
868257
868978
869444
872466
874011
874424
877012
877985
878868
881903
885839
886409
886978
887183
887800
888412
888455
888557
889574
889858
890698
891400
892838
893078
894845
894879
896572
896873
897454
898002
898582
900561
901275
901431
902038
903156
903182
903825
905697
906104
906369
906980
907426
911462
912222
915001
915045
915311
917423
918310
919920
919925
920457
921193
921680
924146
925181
925187
929895
930529
931195
931522
932461
933117
933151
935160
935363
936017
937010
937502
937535
938223
939680
939832
941049
942231
943313
943635
944109
944414
946432
946541
951813
952291
954880
955122
956472
958514
958932
959301
960437
962334
963571
965559
966372
967533
967540
968713
974273
974999
975692
975893
976164
976244
976324
976860
977430
977466
978103
978464
978676
979420
979516
979717
980450
980451
982222
984024
985162
985836
986143
986407
986757
989191
989836
991343
993193
994450
995908
996126
999690
