1000
931016
765682
243063
900332
517933
850433
134815
389158
427712
586327
73947
528641
336508
722093
173277
931748
140809
954188
56430
255372
537928
200633
487640
454525
542232
596713
849644
950238
697916
105124
184232
145285
387158
427295
45617
905091
794080
696785
810601
221793
799464
400900
750434
652324
639345
440063
584072
296507
910603
156855
551879
448532
357488
39519
419409
899720
636232
785406
366310
850500
890530
550543
512137
277689
494190
74107
699132
288271
770892
26086
26416
86708
426986
293202
255384
66332
733265
839457
879191
643869
996312
431070
608753
870152
986941
28162
286224
139525
813568
652535
506377
220451
719430
18515
14492
213620
92622
229976
18243
379866
256062
44659
466574
199401
337861
721958
782085
587479
77767
661276
747700
590431
608698
356453
460583
595639
384615
746808
735164
714536
915695
241541
451339
635125
260056
465831
365097
869030
695807
899693
248896
468222
944352
231822
667623
798566
470133
449708
902397
547900
110984
650097
654684
719682
6550
115267
831673
907517
378427
566837
622053
294122
324730
73392
445599
101139
55575
810697
970169
751383
710390
219066
219605
171094
967240
403580
486012
437373
853288
388409
501626
480624
554858
156310
716658
561408
787929
548331
468926
166357
631520
607331
976831
956250
197076
422431
573741
252651
749480
543911
520386
976222
279329
256343
147316
246569
659923
149681
200295
29563
54442
701921
26539
609301
374583
743197
170709
162512
807880
155987
328869
439400
279671
305701
912003
476747
244484
2096
245750
993964
546007
282489
970186
341688
538832
633854
104610
715108
783535
304905
261023
837978
6826
287563
447279
381409
30760
134340
60273
354993
806680
389143
794393
602703
211196
222748
79450
455680
224845
841552
449644
287204
124041
936182
628893
179226
570036
733503
410686
353572
554760
671709
707902
77938
959272
155181
459347
506385
805873
35972
861378
128905
425115
172123
731608
152663
911224
327410
608343
652421
168963
574339
939625
809356
510521
84870
988582
80558
334725
399268
950482
889485
587330
658384
967423
546602
329917
943122
569339
135790
979095
430717
264696
920562
119193
996304
73226
30417
323715
197921
682838
9030
288613
138815
818386
799134
223686
323321
396044
558411
238941
346526
964249
826271
521262
931672
889226
851179
391147
458565
503322
370242
889283
768018
807156
8476
280674
880382
555245
120741
594656
238083
646123
883269
376898
464510
198755
116936
304183
594800
675348
543124
457678
639597
885748
978941
87621
774974
346472
478768
233539
849794
365362
639174
134164
172519
164002
931191
569253
719247
568284
680261
473682
214408
563530
366933
195270
278638
483869
499453
389790
675569
558929
847468
831518
444677
342761
919140
736003
689234
914260
969543
55380
795975
125069
189545
484846
289072
637088
570451
524671
205372
250713
998354
419780
330595
365287
131402
609233
849156
630855
999023
41078
706137
362844
872596
667166
221957
308088
403170
911191
222349
889065
482924
534676
14134
672469
19522
819558
309557
106325
344230
31281
357038
342584
451062
203986
224223
582464
329571
589731
729672
844947
630809
952161
724143
503406
619327
946100
811494
22497
373644
550195
427914
856568
84871
958401
45389
620745
777959
871298
727071
638541
902579
600461
981125
869993
804447
721700
968810
650371
311432
214834
495318
458593
166995
219461
961999
786322
165561
289846
325172
539205
840041
269438
395773
441265
227839
957514
578362
5799
828812
305433
644340
731392
905895
141818
601385
226694
379870
86547
877065
207654
301381
372383
666248
468376
108196
144599
771051
273758
434445
96223
329315
790839
365661
241441
748456
109853
198955
326818
115652
27768
148604
276344
275512
54499
934514
393249
281193
314385
479797
674611
522039
297530
46994
704639
765907
671543
849239
536958
945301
283684
149533
790968
590875
31546
32409
855683
141399
231365
182502
773403
775485
331106
49748
567349
901957
500614
476950
699502
814999
956747
374113
853391
254278
937460
558030
536537
609003
407269
589847
70656
207306
739380
861624
314533
770926
894034
170217
912326
641751
869071
202081
933588
200177
251829
17289
102134
268796
494239
317988
83795
967339
692102
453538
737969
629562
527921
274506
754917
451542
864353
825573
175200
120085
687197
489734
891011
97583
176303
319689
739334
45374
521771
189274
245551
289952
206563
864037
558748
700803
698377
158896
668142
390479
128786
406111
536393
656707
196969
291310
108250
61322
633235
283450
181407
320433
289536
588770
934368
465839
424812
673703
511213
946583
379329
273116
752887
585893
653505
827988
286696
351883
986884
471190
742362
115670
393653
795108
288730
590622
602770
396980
651944
236006
196782
349703
72791
486319
938473
7159
952158
363285
197214
979724
826220
576544
252840
95460
678789
906346
923448
965485
774581
426684
953027
33295
58706
346680
828403
347436
937302
947526
744416
105598
183532
457551
455301
772675
943870
910126
296186
412380
789764
493401
392104
132336
586297
644945
227796
265086
67643
151244
746923
842224
94280
699950
875519
152987
46630
703923
500423
500284
651449
761192
605882
351333
218743
577535
640360
678965
4013
936546
91345
310129
429947
483450
442466
16244
128395
670262
797682
196038
337859
544605
38262
432139
244555
430133
585126
807537
650408
601902
824173
301857
363094
946407
169542
98189
523942
809902
777154
44308
746449
868499
354437
692748
351949
796903
225345
996696
983518
23027
192734
837729
567633
747348
269868
328540
693834
371347
136078
344242
489601
476603
162452
852695
423011
331994
467236
946953
658249
244390
507613
921050
112889
862051
613798
981191
175306
355495
977887
158824
378523
686974
996553
462508
950674
782774
791048
644508
670473
443478
988751
160074
920082
667555
529121
343093
999549
996357
806398
174150
757099
314012
95200
386340
692415
225351
367531
867721
580846
861771
542898
475721
65097
539451
938229
15771
838577
245630
176632
25402
689108
681735
701828
609190
349290
230949
952283
865191
743658
275034
39342
17109
589046
650894
403450
797813
392597
287333
665534
489796
665456
208432
965517
730553
264236
420099
746325
619165
665729
922957
644568
354837
604692
862748
480380
953982
93698
949015
819173
353708
224049
374867
370818
329447
25762
290620
127260
934711
94305
792795
424507
759762
517579
390025
490315
298167
326476
752992
917333
992205
675949
78253
863394
796993
941001
343774
267327
551051
292790
602853
421112
33191
494072
308282
362639
36186
598902
489899
970898
209559
799046
395405
969321
316626
301782
459637
131145
628258
212629
564830
136815
404931
643083
516562
718276
100437
376688
501956
651488
185830
104809
588952
219022
115233
897234
581661
151420
12488
71560
122318
222048
386959
34075
191369
703585
335858
167358
351082
480468
896340
915913
133636
301271
558996
650198
535899
175785
26886
37855
343626
212717
659016
932578
431739
774250
829813
529752
442022
842301
601312
564340
580701
988271
114767
772071
208208
450625
455781
75643
447446
352121
991556
581082
169744
66904
231280
