10000
262581
861316
176781
276477
465371
54516
276272
885914
228635
820985
957312
126558
368116
745180
811915
788957
161561
370568
37434
216871
979203
926460
382308
76922
706734
207624
16884
478008
417365
567108
994235
679946
944776
171016
956424
926499
741884
749048
328766
970519
570033
802430
613429
938149
547610
425344
243459
225523
795912
797245
442394
291467
723706
341054
884741
430440
548678
901625
424800
482395
985085
935387
678694
446214
622755
635118
372713
364639
900518
701479
335158
470551
503909
948587
408700
567871
890283
168511
793395
202548
965757
752141
10367
205815
93196
895109
152607
158226
313086
577407
640622
814524
512794
319316
260738
135549
470786
633451
500188
371304
851283
351698
841855
355192
816637
766907
923064
223272
451771
232811
425820
417528
984952
952540
623343
78148
847649
775950
752727
677087
869709
393349
491611
382503
712665
752349
34404
699803
902153
50944
71107
753436
918994
429314
624980
251983
712573
548044
475255
164344
780855
901076
581872
282160
853616
721567
876660
217617
13869
629387
894704
883578
22736
902668
782433
251753
655017
333189
951556
73522
384133
22663
826958
819479
968329
451939
71462
680903
516335
546718
845247
813543
964146
943472
95703
334114
665039
972363
68083
195261
601751
962787
78839
140839
865455
377625
392593
36825
710814
860501
110347
611300
399517
453658
947131
367846
905597
18594
48749
938284
81664
410349
751827
45810
353821
363882
896276
535212
336246
964359
730473
454349
443498
325665
111540
825306
703290
504133
378483
930456
364635
488830
58108
764152
942488
5240
648350
364437
540186
213452
302722
621850
623801
570901
184012
493974
934784
80288
29186
787382
560999
276012
758083
4497
601677
869623
829803
821319
890109
208286
751775
771096
213469
326236
535248
672309
331476
699950
553099
871662
913402
372173
9864
537203
943074
193876
547529
877858
790516
576716
665240
351515
369080
939675
356012
487109
809299
702168
308428
699408
426806
576555
470504
156627
902791
522104
828937
750619
222054
898388
138633
135457
270561
148497
189012
213635
858725
736542
607846
649241
829610
789438
756
198690
729114
873121
685799
538413
575289
510579
754173
518447
87134
224677
675075
506278
746781
20364
256897
485187
918752
911883
620644
705665
576732
326009
919300
435458
62551
527146
84699
892161
832937
601808
607203
562051
474929
293002
100464
566570
803581
854637
85017
407067
595666
276444
913345
858799
296808
686595
343986
731912
598478
480983
437577
175210
806992
873230
127020
869543
916728
211720
278056
749665
329880
885259
311716
804809
178261
928532
887731
498194
299521
972748
905261
895187
765545
818607
270338
578705
21554
614325
310618
620032
95308
264547
311594
902300
137777
438615
288195
54506
166687
566251
320523
496567
451510
632240
817728
146123
77124
705459
644317
376646
194559
65930
788185
960104
400889
58524
538810
422443
672849
365780
558827
284509
630327
386774
703161
284457
825389
991356
855315
508428
557607
175838
521347
525469
324430
855427
671592
401555
560886
832261
778201
271797
898191
82738
748254
299081
141262
287064
237876
330463
169196
796704
131324
315875
183478
834485
116684
525219
825841
971999
549999
383448
664190
71346
425269
988620
443125
96861
390175
520363
445474
684728
792160
343666
767467
540414
159099
425081
343830
396975
271897
513026
710031
403221
345254
893509
237707
461938
935080
63548
950290
485079
963349
614480
72777
904970
603100
515902
1832
509628
36265
963658
194356
828426
823676
478175
885192
982775
419609
229023
896103
691506
258401
122486
611079
120007
532348
848786
581946
467428
428687
532236
952508
908388
663068
541637
813358
266168
57540
331542
292148
93805
295201
486505
438583
118877
481032
323776
618005
900641
69151
30460
108499
843904
152946
719579
963912
685294
568365
62210
152723
513404
110798
621583
421792
773866
163220
751503
556386
737112
83045
848535
830918
378246
851392
785853
13476
332424
625981
147833
749418
211484
178293
857917
55389
331239
93848
535653
16534
178566
114215
685609
691970
225013
307192
630115
515231
986764
381618
71617
723877
464663
436504
71147
359262
804248
373352
889090
653025
999334
36923
402443
210818
215216
776712
782559
62807
870561
834564
79341
565479
948779
281302
257449
690144
104846
403916
205375
91611
785534
793345
331840
766550
229849
919339
125812
34098
292691
14902
687123
292025
568177
605918
19196
299745
898982
801755
362552
285895
636320
958246
851374
101451
239548
625176
791596
344395
29092
996971
952358
814627
306668
800550
581177
52870
719889
223341
86968
528932
754595
290443
337310
322772
412713
356506
622517
311695
674613
501421
113943
827285
459667
965317
928737
699216
590493
720333
559963
135938
233656
28673
466917
56677
829223
564446
109547
549112
787787
712867
78044
542382
519662
931706
381506
932375
288212
520375
760422
479178
21796
874365
306463
997816
356035
235200
213384
462880
471885
773347
598818
221894
318372
65735
278571
147595
630181
388118
213059
934320
100985
807455
993054
620647
739162
374560
69374
27374
411287
829796
506552
949436
220514
329368
947252
576549
80920
160636
39429
69158
450335
638248
807404
285059
220335
85975
432654
366869
990445
645713
301189
607782
969520
294244
744781
708682
185156
814155
252409
596444
160303
275313
545880
897169
604681
9484
473718
201954
686472
513148
271112
653159
667748
78516
938218
404435
680843
370872
771304
187640
532937
72494
795422
18809
883090
56555
727492
68246
387062
496253
664690
547365
771566
726922
960887
892600
252758
434605
610906
939230
464105
882018
592389
131853
476886
46959
52641
157729
934183
823945
345369
467120
412791
657143
2282
295881
713698
729774
364128
100760
742379
545170
164477
30297
272093
125364
439249
524851
76322
50155
980434
540427
448525
89175
188633
925411
136135
241274
599492
70318
65219
461213
53791
478011
118356
56073
773892
348406
302199
654372
965518
44578
199543
129996
74875
987988
771712
30477
29191
848034
80632
9625
904814
529158
98801
93447
970921
751288
334721
570414
821606
916292
547979
875397
910655
182688
931470
684548
531094
233669
855272
496613
794599
54815
142961
385827
559155
431025
416304
588347
279060
13288
114324
183874
58798
729477
277321
29720
480765
128394
116486
818724
44686
664465
694121
471694
363505
141944
672594
894600
891965
527866
907565
686565
99034
566878
588744
658189
997903
5048
762888
276963
534688
393565
977189
593487
123042
770862
623207
120160
415608
256045
938884
976647
436862
149357
448341
800368
291301
120935
211320
183267
648801
118885
386184
747835
685763
491280
922377
200018
12680
685265
476982
547368
78830
970523
140855
718225
741386
280414
354737
673346
536459
293621
649993
973322
442978
98334
290042
250632
219269
501362
950251
868071
136599
336435
132258
822362
344067
54635
538732
356747
256253
532066
904115
851435
502590
561323
569660
760328
841737
924397
433674
894549
734370
83668
384223
693701
182002
674265
944333
917624
691979
894584
785695
828578
747371
434305
167292
91438
488941
706024
448185
745194
238091
868652
596629
740681
429975
682642
17361
271713
123391
451035
682614
857762
51055
66837
551463
749410
257454
12148
667034
949433
906732
969081
778011
170455
403386
945303
261893
892327
651327
710078
153873
405770
578730
266855
662803
525058
465849
680164
796771
589240
647552
995737
963354
698607
62574
31169
964369
320028
43317
631403
269461
466401
600484
563824
636856
3871
509127
415101
412550
676806
641531
82776
82577
736614
865983
745380
261672
331832
425545
574795
437424
589449
570532
917131
288056
149458
464652
252426
469486
507970
400181
255299
490723
517018
819123
643932
37241
844602
59033
449791
521408
700565
48919
120337
953531
431254
865718
215203
279438
807615
789998
716863
397064
876882
150346
201472
26340
614998
970250
495826
639320
886784
267477
130044
403802
86600
290328
441043
447554
865713
407186
968962
82630
456106
89300
36161
403712
471370
251364
683151
795337
557714
916366
192401
434596
66712
910225
977288
681710
396828
473114
837383
283612
256943
967427
687414
859895
774107
128457
307449
639820
535643
276412
722451
508101
882064
758612
911814
869786
526329
111317
665123
600395
27683
857524
34992
94395
284101
12280
292457
680929
1747
129840
964541
775042
613619
651955
634938
904078
296764
942387
543899
348760
735151
782702
856861
617215
57666
285027
487001
100347
912696
152124
700743
940379
526000
252087
551126
326454
780719
843584
7383
782466
489776
971925
73861
103396
140232
708799
7474
953349
651186
67725
302109
902690
850427
675322
519905
424446
476702
523259
524793
389398
191735
225536
329778
234088
477623
397256
560542
258343
240840
84277
557161
246969
56202
631022
350365
712787
856173
874191
182488
23712
458269
484597
926402
825048
676271
962659
249494
152973
485918
774288
58724
194006
516176
388502
944446
510152
785758
504988
284847
542951
589265
842008
789920
161820
989383
656637
390959
361908
47180
573447
385620
505449
574396
312022
846850
250667
274682
96344
919993
276952
386984
978717
987310
419513
883571
931756
929665
185681
953096
214512
244984
58714
572872
551256
220534
78607
207893
127845
440516
771426
217644
826136
793227
792040
654511
640077
559059
929193
252774
995404
206145
156110
974121
193456
575623
857692
641564
21640
43374
594661
752504
804710
653375
325377
355967
390261
920336
80212
518106
877204
851638
252102
219693
161218
560494
874204
317647
119553
803397
570421
631310
525894
726532
605431
235702
818507
979476
393619
840148
539202
988280
592652
343912
158007
434381
699879
548268
871070
780092
582726
748274
148082
834828
484319
309300
395322
358523
626948
31227
678272
713721
662537
720519
956605
267969
472573
775113
763797
866192
131613
302999
854472
724265
646911
12479
674999
346791
560747
62421
643235
659825
810695
791317
494653
811367
100618
406327
169890
243918
437555
364515
957639
616444
85034
914245
400765
557607
205710
164562
423800
337323
467561
794624
577940
630825
323456
252939
493968
400555
831712
137203
60381
642408
444872
555034
970127
61842
961362
140017
305760
915269
20884
779752
531713
622270
693997
932479
179878
416059
97041
120030
753382
80955
431006
331322
711780
754462
100614
722100
155018
932326
859303
215399
91086
820527
286785
577565
882370
764499
717583
188130
196120
254819
967882
727834
877090
178231
176665
573320
594290
790058
693350
864024
387365
640708
711699
615497
395171
328665
337597
66541
777343
713252
798292
384782
533780
601429
962347
416150
882281
196282
604280
78401
451102
88515
322587
328192
783098
499252
901512
893741
805663
111214
757765
193028
268274
469464
808526
663445
314481
146123
246338
91825
375728
44630
476607
909508
162412
438954
325658
44693
635237
446290
123094
86339
534805
962034
930883
834256
461286
348747
727997
783301
976313
2114
976330
244587
987931
301208
424385
302412
963683
670723
394237
339411
231706
387196
248919
394118
826151
574577
955163
461388
537220
594609
64079
588377
556643
994962
422633
17930
343709
666982
317583
320022
669097
293913
80961
657028
111473
505346
475792
75157
176070
386382
414568
924128
773578
179840
834598
599729
270769
789761
577469
807989
384370
641548
396367
941014
152862
335352
475296
12923
2335
792879
849297
671432
603145
930259
844812
714618
435605
320604
306127
128027
706986
237048
52155
480565
416888
886753
596646
204009
676514
174116
11999
577237
815664
924718
518251
484879
260070
993547
497802
262405
302778
347100
450189
905923
277359
295001
136894
229316
131958
443021
357344
355296
196421
925851
835861
129661
812605
948860
333671
5471
122976
862022
582708
454992
786740
100959
939871
46810
610858
954026
825568
913637
301126
275757
335912
94837
87111
989158
840505
219069
432180
197849
90717
144953
123701
442931
274615
452658
391791
124638
458129
514767
986660
557190
486111
773400
174501
425983
336562
785360
896361
678482
215349
197487
470592
67613
808676
557703
56772
649181
293124
5304
363383
383841
150257
3436
826772
941224
456094
734915
65862
430575
249682
52522
987765
252146
342274
162267
678129
195189
947627
90842
873671
679328
288329
344263
746941
613357
418318
320065
778890
711442
325369
142273
611636
475627
145709
954760
416851
118155
689676
999066
548731
939358
51588
536496
191504
910215
698763
385985
105404
162742
993179
495427
358422
281508
356043
621716
411217
774361
941781
190108
2156
267151
848733
613792
259130
510795
568552
192333
628950
258228
191399
694033
713939
759340
746882
421795
669555
445645
324133
291311
124740
317312
303090
999514
115173
659133
621230
42742
949847
563012
232850
952003
346515
597936
82147
605645
108731
167051
797978
254033
941632
989378
948067
171923
748718
694949
110070
934625
656946
434203
225936
298038
267868
529026
297553
899393
704512
435135
942135
654359
514499
691338
606362
861014
805626
204861
983011
430709
371912
780990
684742
313544
286720
149161
485467
551790
360462
595538
486415
17409
546093
228703
831799
330313
274081
645704
746058
978593
80840
204546
149304
595339
895884
272018
972706
217862
476879
955717
648571
365144
253059
333313
678688
56131
998827
680508
607921
359289
792398
610688
893050
854843
355743
724850
185157
629825
370554
447567
124770
967746
652113
274075
79438
64349
62445
52144
282211
539325
524213
930782
904469
777273
780448
99509
349756
779275
296369
957678
138564
605119
84718
547967
459963
956814
272817
161472
102991
159723
609039
227761
127470
261153
18188
723260
325502
596986
775404
124066
136311
815969
54848
557132
109594
351648
172993
459351
647275
469363
933381
302192
74482
534451
850159
50797
491265
122976
212269
594256
282699
821309
338370
926521
598814
872910
649781
924316
469896
941537
48382
606207
273859
619583
679691
383453
487583
852685
359156
134859
838400
292537
437051
429234
826989
287210
480032
318254
926538
692301
428863
725589
29962
767233
168463
628776
640143
818244
69445
110040
276134
634179
232599
549993
253762
912291
449798
257698
281328
808955
392557
119728
101492
345960
548962
444833
149522
545346
279440
592412
237648
708303
318001
783962
991888
486464
412739
632031
821061
998536
258423
613547
632715
491023
679892
402830
919666
129690
660528
717346
454997
569437
837074
72842
915397
902388
517675
64919
964087
313467
657331
718087
538122
491684
502049
530010
494501
431140
162042
831914
429676
936817
445461
62392
427840
641705
981574
863858
771395
642102
581204
742745
211539
934630
815587
643288
353371
333262
224559
317458
163082
881890
35545
701204
889926
537594
231215
384427
485087
909609
216341
914763
846426
178154
493507
790619
819859
475081
170829
107607
117183
752034
850352
845074
203016
665939
488362
72739
515553
712921
390197
194987
111163
942094
896192
1090
996041
643759
901869
481128
553368
634563
395891
916146
329069
405751
223117
148929
880832
393947
772888
514368
662333
139592
359442
381701
321883
364157
454441
353788
593430
360990
548776
220946
303085
961320
222036
299126
605079
640257
296606
674799
274820
208849
107297
120242
614600
330415
269171
495433
240714
558411
9801
419399
214355
885595
801100
536238
249752
771893
406378
359535
132884
955154
580481
435969
432826
318869
251447
554257
959126
548053
229056
750299
756902
336354
870541
371503
183121
656064
383288
423835
730827
393089
359586
945182
278684
160686
997772
44789
932580
404150
404324
581816
875657
501157
17785
824835
820026
785584
379093
295504
333637
608149
45803
606891
460855
432696
494746
643976
605112
878034
584163
335939
787475
943749
797473
582512
620788
795245
627301
69720
715748
547977
651536
107757
49134
185673
932592
385512
971257
311685
681016
821246
436187
726820
428137
897042
675868
439236
57371
280981
317270
641534
133272
621098
101636
930746
203610
722424
242343
347263
308496
958091
411592
960032
582200
460726
662057
514793
362590
633314
826478
43606
970912
262665
286778
915401
676060
962647
354637
733431
759980
671908
374965
893252
293006
992953
340350
12968
715377
582694
360231
540225
57137
771823
16609
639338
748901
678666
670483
111491
828332
13313
155097
799244
792331
958228
714646
468391
437227
69283
201822
197207
257543
93139
606811
66901
86093
947162
79869
317822
46208
956452
858048
103345
728275
874657
259035
993528
553324
445870
105019
898008
459184
776469
697253
251515
251049
928251
719906
688276
997534
438080
885483
771430
47571
492294
354683
133664
955808
950905
451487
2016
907357
825887
621714
151985
700544
397101
145513
770220
842972
766885
668229
302156
543354
881834
70023
794403
810085
306281
999031
323971
260713
884514
611753
308284
893160
966437
441949
365321
917342
409788
367337
824699
235675
505403
976684
452571
902505
638550
739144
745477
405435
407373
563985
465141
805559
150360
775896
615644
456641
774927
455967
717354
659441
67721
541990
68953
34158
983939
434274
951500
910079
317964
292551
145754
823367
785588
114678
725872
424138
853822
987701
345925
777547
68038
811066
583106
218398
586962
715102
191391
361889
687421
425097
537682
755142
967088
606635
305652
951027
557262
773504
861107
875226
66056
523213
214945
367996
637891
457170
308486
8065
444871
654411
301964
512910
981829
401422
247660
568791
116524
439052
930680
320298
864149
984714
75440
831237
107701
897445
298617
664963
670949
159724
56541
253357
199289
271487
621353
353533
245009
446191
877950
689880
100602
179915
719142
598783
581337
966803
167574
214214
922207
614606
534512
786356
599320
126304
617594
707022
23749
432563
888337
694699
592287
944879
948056
307928
732718
85762
177813
977727
531953
55764
183959
148908
235679
903102
747691
817016
386257
431618
547582
308464
46224
82094
94820
645545
208399
228766
352567
748500
661329
240904
443199
769968
702135
907608
594249
951205
993370
772062
928932
41675
827826
629244
706935
579857
532346
454627
913226
434955
886245
460808
743419
448821
542903
354591
94366
267654
99710
963285
16154
761039
720542
975706
47360
939029
883314
157961
890235
393036
930023
335519
434711
274202
964763
141647
854059
13461
112626
767285
448416
515223
228094
708187
964044
287349
62779
574763
555003
678841
538048
87509
956232
774942
63215
3592
713972
462881
161553
120559
855917
607929
456078
806981
882131
937194
464980
252542
467007
577606
19828
431776
609181
764274
139963
573225
51623
719094
664340
122978
914287
718741
210487
870520
493683
790055
874112
724007
252936
552018
844566
108854
676299
816997
915835
558430
270543
380815
327324
737550
474773
347152
685678
83954
627778
341994
173531
679401
577440
354224
318731
491728
72965
529219
362248
83000
319274
236360
807008
572210
304730
167926
197416
981029
501275
113251
55811
771818
10418
899488
25721
1543
246640
227751
85497
390771
569745
775381
586524
147186
129605
905256
638914
202570
434475
1162
801922
270101
753874
608930
358663
574957
293209
556080
72338
794484
185683
128150
82655
196102
543990
624728
197645
790630
852479
799495
697753
422225
91228
284278
569411
220833
189534
724677
939755
140361
725839
741677
410462
996065
866960
769125
571022
160169
841557
643361
471005
27241
287863
553660
739695
831853
694740
937340
138835
547220
253187
836589
969445
344415
637219
55208
81600
826753
779885
537707
967114
22076
795737
893928
18141
662697
179405
105516
339218
20963
748877
810223
48204
553092
880236
787899
384945
574976
241591
40132
122196
11131
393073
607993
871898
30292
179553
469851
857045
475790
7558
340511
497866
803295
750791
32360
982344
930197
137876
837914
467512
403105
648138
515716
956197
44726
819967
857494
619702
577910
897626
258251
589041
290700
382596
977292
320992
562150
447143
694390
37940
971053
551253
52159
290701
302045
600871
273045
748594
738747
110960
216106
658204
275450
248174
614401
320176
584493
471895
456230
162403
885873
230833
267797
176573
613430
761441
13918
691932
208584
224660
729872
179637
775913
298383
986690
594310
899254
776088
342904
154353
887048
75362
812557
678850
839888
943310
515378
424381
415205
487960
103137
817431
718794
887286
510356
332224
648727
524274
24156
857311
265286
270380
553300
41200
85116
56343
151862
500722
832431
11119
655076
235831
86481
983985
914681
442722
927296
946411
867103
858853
434371
970240
676284
669517
373878
186641
518093
22605
227267
58601
396268
492554
845334
465921
50106
930450
522264
201968
431172
354695
213087
602600
590526
815921
586586
505207
258643
513882
967970
642098
372735
918693
128691
49020
588211
502569
752013
106304
525175
979280
164906
921443
988186
526592
903716
554644
457042
425980
756613
404566
780675
486052
7167
371201
818325
593753
392760
593320
107635
360730
235419
480370
279424
364110
45742
383987
383031
797755
490291
424558
293388
171549
862354
281574
698141
766070
836219
671535
192051
109184
76102
972726
111588
83269
860280
929914
677022
253040
523234
301009
130123
275005
781379
925899
155467
827122
309886
538499
141229
316529
963057
434617
4431
825411
232544
218924
107834
68763
406812
299885
694299
482914
788963
805887
82535
649243
252153
275909
418636
291740
576918
548759
566745
358297
991010
722213
701771
817248
777064
843001
133777
256473
793970
654560
598237
26514
389837
706071
95277
796649
5956
305928
795915
794919
628168
878450
960515
880321
154359
379151
172061
731277
927910
738807
605926
435272
977372
824050
252520
270788
183403
386297
527261
977373
557210
125498
3888
947047
347921
615517
260048
870229
921446
55963
665149
549614
934413
625664
429935
605124
521167
118349
852753
965429
857156
975031
400701
350880
799081
653221
621668
982484
555870
148929
959858
113080
790780
963746
576479
655053
579263
836527
525283
17061
408842
706784
566675
343255
848800
512963
464731
369967
631312
317484
335396
4820
808868
736097
355700
607949
905670
493720
106786
461540
159001
582996
90973
466133
546742
183804
121187
642357
536684
646470
175771
945526
869606
742446
805134
718406
771761
269865
604725
919425
103702
940121
924245
912570
192570
796297
36871
98240
290017
143657
76132
449019
726653
683457
915152
789747
867262
552691
948457
403946
199161
124228
865824
585119
383026
670958
303525
154788
940824
908250
590565
560878
364723
514811
473448
73645
827460
510319
171885
117478
653977
764370
82849
896982
964179
514353
203082
831441
67045
151539
751739
782558
275767
617564
367678
175145
804874
671203
846285
745698
95806
436851
306576
460529
468014
296376
534175
295474
806696
222412
929304
977025
503134
12153
390359
467314
526507
593441
815107
593552
744980
566847
376110
537099
700763
743788
712245
505637
931344
558530
767688
543502
995381
590616
4031
463395
886993
54558
275222
693689
793323
204526
187066
812809
216680
577425
280123
259539
170867
95231
369443
432199
178430
745553
969299
395545
5694
681544
901182
453390
756426
185222
996892
751808
775839
517275
731555
662832
88186
6777
356521
881509
211304
59939
694318
944336
637364
490794
720227
324583
102377
89670
756783
280807
351575
726082
676352
873621
923978
93886
327011
680404
279109
840255
432212
54948
873883
680120
717780
962069
686897
590653
359930
414553
166944
54248
875241
804308
61394
595468
128892
163771
201490
402027
444578
553066
128109
637282
943039
52087
247521
786403
732491
42982
626658
681056
97930
500541
361176
332062
462610
564425
439067
822540
495331
606011
393141
886924
926671
454535
998745
571915
134659
200235
973942
95589
269653
618403
732872
212693
186842
496745
999096
919334
539727
142106
116742
154009
642648
477918
486071
621610
558695
441490
960503
54026
563853
869996
940951
490524
324531
939696
578792
459190
656283
69086
554780
925937
687490
804004
654982
874332
300749
654078
310018
356828
796184
426760
510837
955184
421030
513260
93147
979726
954750
53650
550104
34955
923646
7407
525479
764529
463455
620623
740072
119739
689710
811204
45676
893552
615208
700658
767884
432309
871088
77903
305489
183624
21015
816326
138809
442046
329586
231956
938124
800688
801958
488228
835643
725604
495636
877474
6485
959091
498098
746557
595182
704160
557761
640858
597712
689321
857868
881948
637982
245308
959851
943471
428933
497219
276149
84094
939265
122087
316050
393741
922775
634360
881969
274770
359964
893957
152245
882801
369401
166695
629359
964583
870855
703472
121794
984919
392794
496014
866867
547128
741323
343071
6952
170256
840290
283101
254350
295907
405189
86752
689648
844316
721112
87969
635439
597428
498279
304036
480229
867680
470731
625940
832263
857938
329413
470409
359209
238559
966424
226076
785687
707747
85499
792639
394355
925789
592093
165057
738048
513634
768161
944048
874302
5625
548370
509741
603053
46649
813777
599634
914329
800860
225575
262944
175150
71340
733354
534359
309899
699778
276788
611938
923877
362287
404578
318232
804429
513023
999641
542477
26657
767802
2878
417311
773427
551248
927053
892832
597897
257182
492466
28578
574395
234393
807874
749545
305733
541228
800257
131984
757358
593397
743923
681235
955684
148501
515819
760113
177876
515460
818943
204533
283262
338173
138196
573041
889421
65249
465873
3670
838784
958340
548600
413179
709085
356474
679076
531171
414055
995685
663155
171413
589082
407078
369001
544767
71931
884820
821232
249807
916633
156527
970692
716247
494700
108889
289289
900473
690490
755162
904143
529274
229854
452743
942453
938940
325570
137882
470111
739625
133567
649618
911038
239002
56697
280039
300121
128628
681212
121353
378436
597845
794233
349128
830444
805285
974369
119733
705759
664860
391248
609902
194134
621102
578998
652940
76394
904568
307174
62857
644193
440741
712476
71583
196095
769173
351623
496216
897801
549187
133922
792589
663384
928155
658070
493828
733440
632439
129914
439199
813651
521162
565454
7786
142264
144452
177078
735011
565372
484252
797868
209565
441345
510344
281148
637441
795869
149123
133657
210023
214662
267579
2612
878046
712086
177034
888227
961879
325826
18141
917430
139477
539303
482884
147263
197919
143688
840693
932930
225412
324945
247151
951329
282643
273847
748830
920084
69717
897953
570093
279740
628968
354025
282352
23366
66111
975739
911593
544342
301565
446086
461773
441042
501741
461009
104658
216013
121050
945351
665295
346462
786649
912446
297792
69292
186294
46622
989376
256011
460927
559469
52103
89895
429846
850807
629614
12310
826546
57559
556652
128111
503646
18425
85506
521739
995787
190164
737752
116837
135515
919400
979651
438516
831846
793795
507808
534492
840417
13536
306855
817697
573006
358958
423944
519204
209766
53558
531514
36312
111118
88167
680776
131116
622944
766282
652855
135083
956446
906960
251920
608313
826360
747924
46830
174558
541719
70990
225403
898489
84527
532258
716186
173885
407569
140130
693089
617335
193689
224604
169999
821159
312771
367127
952275
452067
649761
121482
587151
606207
28442
355423
730873
371154
103347
294055
62065
161419
365045
287468
59908
449572
819726
776094
139809
743647
432576
832899
877334
142617
57503
47334
963776
886626
930813
432403
338693
580575
553886
442196
703134
582328
797620
950359
469835
417319
244414
531900
578738
125812
819368
638646
91736
155446
931092
231546
899094
880021
64445
776428
22638
638300
340114
502767
524926
270928
935170
379971
367855
489056
338520
70989
587737
136140
21349
57572
69811
782115
589472
648550
907927
925192
803548
999664
80638
250993
747562
496084
131014
328359
788865
670004
966659
128979
689123
7937
916259
624294
904260
800466
629702
242780
871456
733791
895272
409157
791363
965084
191272
897187
613634
99200
822379
933534
615216
419370
184527
879130
431806
831893
207489
220671
18250
174148
866003
707373
182085
298614
848019
602697
99081
477722
845478
970537
211513
740750
379694
519229
705834
87318
416416
835820
186518
755148
285707
318086
690870
986586
197216
122676
818480
921057
343348
836730
95205
725703
60455
793642
24317
908475
396340
123398
902549
758170
610287
114062
498920
506333
149643
721107
593652
566060
73279
780170
837560
358986
614609
528430
345573
328177
167458
164053
249235
27158
517135
860792
752861
93942
170787
777179
2417
83479
416929
904966
841649
27217
535381
856921
533550
685024
578028
127202
767436
651308
423725
121348
526646
554686
166130
872219
882863
333589
552624
648450
360747
69759
25595
629961
163702
712734
923492
682471
796213
340421
103790
154214
883990
639171
527487
417541
840547
621868
61095
607984
273176
1172
729332
799822
555858
895463
188394
955074
745404
741018
603524
106151
327130
145471
252464
7184
858205
175956
689655
170770
32730
793445
841336
916720
948968
368824
850613
789516
990692
911709
397500
780220
912881
643184
96394
985092
54999
284788
940166
800403
542159
60042
422907
869289
205514
675371
876473
580071
367680
82480
267194
400410
392278
108530
317130
341246
993706
167744
130762
984398
595805
44614
280970
25038
204151
893717
10130
259150
694857
950296
575906
237016
10339
998813
106305
732205
190536
982778
312276
74568
581611
579470
474978
973889
204353
308461
315135
198059
992557
962250
698810
588362
523216
496132
129752
727367
389849
139883
502870
84707
90179
595128
321723
616870
110293
944381
349075
300829
443511
177704
891750
25122
757174
366728
999011
477879
191541
314147
675939
184098
792749
891101
288812
315965
387233
418565
559685
293435
558448
578907
378142
164979
174035
216217
781850
284328
160598
647277
101509
604110
824981
993259
629232
98508
359988
144596
576387
551529
975095
768678
251980
767844
176131
540792
600161
79717
959357
159846
373152
517805
738753
267646
682785
912788
483863
980987
197116
160814
628264
298626
764924
969598
291885
910508
584458
168225
55104
677197
236107
30199
445876
488087
798043
138359
28879
398205
218076
988237
74403
591228
22394
329509
375226
705179
242297
859090
202518
955766
19904
347135
770744
301180
316733
578981
211688
417543
263559
266793
94740
499666
813344
56968
504105
611388
195328
532984
525945
413404
37573
116700
520985
59968
446209
896211
281499
688507
271653
484018
160625
807909
831153
447721
109089
664238
26702
320778
81781
290261
103923
176521
306279
917267
233490
810384
45007
945170
859721
87304
874926
897294
204005
912263
957262
650214
324827
238762
855073
596480
239132
532050
404390
70285
979771
513479
250875
6474
350609
849008
813087
454532
25529
119367
888152
775371
446103
933159
720541
305824
20464
111820
719471
740821
24083
676733
391035
348910
431847
762461
461743
670979
294511
866133
257616
274283
895964
508491
797109
762926
357499
610196
217458
899381
245915
621962
191104
208371
555122
427998
30547
91938
539818
750018
832759
563901
943104
740146
429164
374951
502607
890907
562283
797119
273392
819899
587754
685708
844743
384863
448634
718594
511411
182445
617975
273679
804407
325432
998402
875881
753430
28949
967819
809600
295320
316930
889853
238424
57077
319017
129727
559684
726276
692010
873155
516020
28262
460909
201729
873005
362124
166715
591599
389888
865512
725927
179919
186272
567711
178321
62153
321141
207270
546325
647093
502590
863255
536946
257366
920332
372316
387094
996369
98592
79104
869524
130965
623718
330434
332694
496723
208910
15761
604675
598798
881274
846954
778717
583898
414665
473390
646051
252158
197013
192376
899251
699603
571984
952549
473322
492316
324865
860416
488685
939810
455872
874562
70775
79591
721348
919821
92666
930258
935582
697341
45409
333208
60647
824126
917106
991664
813869
79510
243822
10882
788238
659425
226837
360222
128327
700159
368891
453192
76927
857576
909354
532800
732138
980129
128743
453486
416302
221409
900097
868237
435103
945506
201445
12102
285984
634904
3767
99853
230766
763941
110735
19004
939719
337573
379227
68046
554084
748118
37590
631012
122046
946945
680164
370537
443426
808907
340375
859729
546668
756824
727966
498123
702330
445763
510226
504667
597019
513993
120872
827785
277934
747960
846790
217653
601885
742369
802051
155969
6839
839642
303333
645237
786587
983497
15774
230013
308756
872502
89742
855425
629326
334060
869900
848009
779824
380126
869028
376843
410471
989900
204629
204758
737860
567771
422411
856097
826492
224463
12067
833331
580457
315400
478568
367044
815250
10695
113409
124006
399549
719504
495783
28875
53564
365684
393236
833388
262162
262264
726584
672634
768517
447565
877392
506377
531688
816155
362475
358180
556970
890894
191511
137427
722646
186431
504471
537896
713478
134233
178255
113027
853737
674038
658255
907301
556074
51491
257042
818237
830108
499978
7223
598625
947543
884615
621354
479231
217122
983829
837411
774093
391075
545274
911520
113722
248057
932344
167970
961536
66577
346225
74563
436666
536616
732818
860319
609042
784310
117361
427279
614418
133691
434502
729395
597586
835469
350749
76817
52592
850931
430580
343037
242006
492206
254557
872080
740264
703253
40051
701800
286182
902628
292715
722848
955596
25534
583168
564639
326196
216881
508270
456966
350573
459125
186361
948159
810946
537110
541329
863538
388041
488261
206575
146400
496820
977485
18480
753436
680738
574883
455236
483273
993864
747951
206121
949460
289837
789289
30451
616033
6171
538722
72999
873096
997847
259360
337607
808793
312823
395288
188684
700864
883550
911611
847264
896722
405448
382097
650158
602539
956980
621746
85812
467196
886049
291933
416657
175887
597575
447108
308272
120098
502182
381272
993194
16381
156984
847153
825175
469807
242442
530211
687024
642344
441822
50640
539066
363623
432737
189224
966162
906070
327322
51974
373266
213371
343907
306275
389258
941482
269736
213883
61580
771918
595155
571126
788300
268491
418280
129827
254651
660722
660038
941675
303066
618212
508667
842132
981835
941405
547708
464349
847475
875030
516323
737093
604753
860231
43369
510364
318065
313105
724247
895998
85023
319402
467124
389675
104245
885404
519502
358896
546126
695892
816923
365544
830457
325591
724028
328644
266996
271736
792994
630823
663118
825669
884268
267872
685900
927637
778236
520318
757094
502483
416316
358470
338237
883440
748145
958834
285197
784000
317731
831323
996244
651006
713220
343053
976597
437248
671698
759945
225337
981044
390768
888455
806713
791389
672679
8966
719026
967267
45636
476121
986102
461952
834591
840691
861744
99088
799526
146941
399440
633609
494617
395685
284615
207837
738738
261213
645085
926788
21158
870422
424184
928279
275230
747250
719668
947909
756216
955046
915177
318204
947519
901279
780156
298462
258323
641900
913903
57849
788842
313343
691458
283459
709028
492425
7648
964119
269990
652733
890907
807501
39508
831444
735780
314738
578694
971800
262647
334910
443198
694176
169466
390718
111808
949622
205532
370131
107874
119435
427980
413068
432779
635790
212879
658159
644567
220527
622278
914558
873261
29538
722059
912769
860982
974191
743859
439676
945991
522858
290938
905541
217035
460404
812611
845195
926378
18144
215326
34252
653931
159658
447321
603062
311800
176552
261222
956367
397080
883500
870925
786693
913038
592984
215814
290372
83527
959673
730048
545870
482531
537338
451412
215918
997742
264023
61113
924120
798519
276439
474725
968803
952449
438398
571865
264249
614950
833087
736969
12030
232940
607894
798723
145978
717231
14537
952703
800758
490562
682751
346629
489446
736442
314393
705364
734184
94768
766478
174657
893288
559269
649382
862091
28071
87780
433956
808672
702730
783396
545641
231113
16336
153536
29836
678666
387119
560726
631369
704229
567640
830473
567210
57086
566915
881603
762451
817451
976372
45281
992108
386012
120902
157842
248103
665325
761974
198411
473998
464705
498159
19639
212170
514495
689527
758358
193162
592998
835436
340883
297228
403077
171356
864438
460163
738271
746042
738966
72075
722414
300599
580535
624778
937854
738378
872881
603179
500352
587644
77177
481409
85804
613169
693579
116651
302696
968290
309813
895695
803726
650697
709275
206803
338405
573713
183319
593029
836107
438637
665104
74873
739237
245639
699651
193443
984017
88884
796622
722
676529
390152
998483
278685
519673
208415
395336
338721
176705
221502
750768
980431
388551
460043
187235
726956
33757
370554
319985
386216
809191
985089
461090
64780
230729
160741
258223
731098
765978
571198
248172
958859
477702
246656
237544
513727
455071
149232
852448
631776
887086
603217
612207
275637
63260
799442
2594
613369
686348
322579
515938
11892
824021
977028
76672
54750
654121
851248
302200
420099
938798
550373
378958
416500
797029
132854
930227
252100
798439
299027
400228
685525
902244
12435
961163
481857
811878
480109
611578
14578
802688
127516
26470
143061
620896
103143
714163
791370
470743
16364
211469
409541
83089
106780
826041
880118
755986
272620
648570
554425
571647
48798
756303
990244
61233
233818
988453
389463
713927
600031
404042
32967
243900
946864
176029
864796
50007
890192
656166
520750
906556
383988
930291
989645
7120
272684
386115
763106
61656
551037
833884
149656
116187
590187
656252
693773
824005
644705
83236
54284
761088
3630
87251
4988
466847
263280
386137
516854
669825
558655
553957
576381
942643
600
82379
949763
789637
984846
229222
851293
535884
579458
517301
168423
169645
173553
862196
510002
818258
461785
80638
95699
465415
167889
100687
932262
947522
486824
965469
617347
45480
35778
710080
504475
552730
792459
970591
342367
293658
716165
710013
345894
295623
743666
514317
981620
917220
376514
491622
251830
838299
88612
347529
820066
256501
964569
268681
204023
967745
750502
337722
529577
302632
47803
34053
855362
356614
520996
714082
650272
237161
424095
512518
532784
167761
26836
514404
601333
919702
522378
853164
758001
127342
717045
94419
383843
197966
879452
104219
165712
629954
441941
695289
448938
489744
245694
304301
846359
283042
18383
12983
520203
958830
525502
569339
126591
68690
600095
244277
988392
638825
613793
262745
766167
330838
873516
666363
528805
752969
770582
210869
899275
728875
906158
348214
734972
668205
168867
581331
951247
187250
110666
987803
146080
152520
557142
789023
221210
673590
549652
209602
312415
163445
472347
594935
494284
345864
261298
539441
615185
548232
750310
514460
277107
172820
379026
12079
841025
547893
109762
308625
251495
220429
296428
913927
889301
369922
219303
110512
43512
768955
320114
355928
932401
308814
467215
943037
171030
728513
998830
302567
276745
749140
333379
553852
438312
712406
82284
279338
776651
192046
104315
28147
928827
400743
942074
818129
770665
161377
928641
814178
446685
765107
686458
379086
590273
153673
838475
277655
398538
837305
580222
675283
586445
913602
745487
24757
142360
827771
820447
919011
536170
924762
947158
464997
841857
405585
799478
612523
566962
244471
943053
529999
9579
629511
909085
116204
299536
747560
393860
698074
584865
490434
889709
687662
920388
635196
228772
579100
979320
565571
498112
31842
6686
961622
13191
848543
367207
812670
461066
450522
57141
404119
980521
583072
549982
405959
699277
849518
669871
609489
547592
771089
616275
437301
458751
53016
588850
203875
632116
84522
285799
646580
116364
292485
124555
129555
141028
8114
942225
602095
458636
515719
522566
955510
98791
588901
877821
314420
438419
547692
440261
502364
835133
56537
456017
810237
625905
44867
14112
258021
129389
299911
420954
245753
592396
545509
375309
249777
553623
833886
368224
528612
349605
890790
474
964749
479691
878295
279169
434463
942339
235783
936827
777473
292320
392844
587710
918225
954064
118174
692598
83453
934438
113552
845559
43186
659061
737220
292963
212685
571106
661187
257649
437064
68330
258123
918165
64373
136418
713686
498836
595109
949469
952015
372582
758141
861212
476644
192718
815276
594819
885317
415081
529257
515221
260640
572443
174283
997860
381759
903320
85319
42946
160969
38735
627628
419092
956900
692002
71862
186938
707190
666971
136408
175558
555906
410901
36770
548902
603620
368398
143721
5289
783479
189330
520510
44120
278126
211145
558332
176237
114465
160003
219183
791786
715090
363164
727230
188342
55166
315444
375281
278708
498768
28041
454266
54674
438942
7388
119928
42562
375786
263650
47851
675618
969332
84714
236090
763810
295859
794422
940047
926677
470778
675583
718463
185868
38747
962046
374211
610265
277490
265844
405325
292610
293885
375944
863636
249179
383332
983565
291742
275471
763567
855945
951089
732899
940659
187179
13062
752871
497953
953109
679548
485083
145044
914363
670952
183791
392761
561515
310408
186604
343711
715734
479214
637596
91678
342851
886775
991362
326416
694869
266833
89983
67167
734274
339234
524178
437805
352296
277049
452111
821758
472949
937194
966802
903665
124498
150594
296426
202365
977354
483030
546076
693088
962245
700024
784766
305096
586800
292481
631512
798021
75666
237847
381540
809941
577081
422071
764098
929378
215472
216209
751136
688422
669756
234290
108439
794254
901236
404865
996620
878591
887896
542696
571679
366493
242721
872798
671589
345873
165279
819453
660246
240945
57300
558139
567238
634381
980210
847689
80111
195682
63898
831247
400456
733654
581890
508895
44261
483126
430113
40881
361717
318009
99929
449749
684502
342650
322547
872443
204875
4178
691896
865122
761475
749196
423261
845066
899929
919823
692755
980041
631857
756653
327640
32314
6660
909530
57561
50921
909009
487674
608154
270726
322035
708083
720475
522889
567086
559374
395332
771961
79904
603580
637083
841380
869128
576696
686446
769058
12871
379201
265451
644729
652206
593091
677043
658866
18974
250956
226139
927983
254983
834293
715061
577018
58729
951889
616260
625815
511263
11592
397776
107520
131525
551212
948900
517005
644260
151698
802415
657132
530899
67866
301861
183105
177310
495256
358324
196284
746212
100815
640619
1195
935109
355680
94566
993838
307569
710826
619653
335185
238770
533781
442705
886647
84993
907957
403653
729254
59655
206068
386386
590554
273935
204599
290011
451245
699855
164687
163881
446067
265503
320852
963615
716964
676532
574533
227154
500454
285359
363159
351991
524129
896940
794696
410777
981934
219005
330782
227540
278660
536850
130278
869214
810785
334877
675577
778382
34732
840265
458615
997151
622120
779467
960766
339084
972352
535299
566238
472806
337010
445749
341149
377492
342689
135845
304621
840975
354850
635403
68515
149862
172253
198793
535428
499391
50022
211005
794125
84754
567622
252741
81906
189742
548560
559024
45178
520912
610676
127768
510070
464038
573517
851219
841530
916207
503416
146151
273534
374618
297906
342050
524480
470160
57195
59908
485903
107218
270914
280028
708324
354888
49121
790230
60983
597682
865607
106161
118594
992635
233930
628665
456673
323799
479884
298204
240006
983301
960707
29893
357919
258614
371943
398752
245126
945490
458660
247381
569060
245926
43761
277385
600815
92883
583967
661798
690565
965926
284311
809159
958561
34593
954176
415235
358393
950413
229791
114751
450066
706850
144644
324337
481816
32939
723089
243294
494782
181750
490675
63842
427676
534437
857579
544843
627320
441547
722993
834237
923825
7305
159748
882387
41898
113925
813974
916643
580690
560117
31395
30756
266967
692391
355093
748784
725331
594535
992078
220113
776285
999106
800307
720313
533543
657887
781509
677215
615786
504502
511452
539611
511807
187552
938350
70058
301477
268676
986701
398519
828793
534448
429275
95761
226840
300721
360897
468523
411608
352975
204988
187893
868433
5295
424558
401976
179534
206067
595543
311672
710570
623347
851284
738729
810900
305986
808787
628729
574663
311841
27249
403456
362641
972876
15569
589481
789949
376466
574356
201557
245794
779344
905802
114227
300992
846713
32556
996878
52780
144451
308551
279702
767799
159835
18432
95051
982173
343571
723780
556836
655412
267381
476645
18054
756610
8566
123887
62911
385033
214596
264469
147179
510292
686623
777758
811284
533336
326666
808163
102469
471118
116714
382171
755269
792901
400603
850320
291426
744175
90452
364615
915939
357834
841260
450345
630796
366178
90585
693707
751211
305181
474528
414742
815473
161152
192501
143110
210840
519167
467625
313309
506637
100691
695481
261906
893592
612436
112226
701370
356611
202679
65985
788903
76865
907245
755600
707661
273424
846185
917720
540987
667718
392249
472082
999544
69753
180935
142654
280593
216454
126631
110255
723092
227322
805736
984998
120914
418172
97225
338636
291136
816256
404622
596391
893121
311867
868343
117134
101643
714529
551206
158983
898599
459807
631065
898143
529560
328352
557149
326506
544806
683780
953113
267898
911102
758849
252897
548368
693373
866474
887005
500861
682730
291627
613604
92203
119846
481948
725689
737842
712829
276895
896825
611428
736703
44242
25924
782615
372594
583073
625473
433752
783206
578586
701651
694308
853787
954548
759029
547161
337374
162386
564374
20104
454013
694331
628659
90211
176279
870700
828053
889108
147595
241230
16888
400650
801824
42812
699618
690770
142238
325091
124523
441796
903678
826174
652456
757465
297074
411485
820978
634448
573871
901705
170904
544236
596036
315915
150800
772315
186615
495205
177775
850562
252788
194663
251213
54612
753828
950831
261735
412418
792274
902610
370566
695952
728784
23022
969770
542210
950860
307100
693010
41083
208805
380266
585320
804841
696181
252472
93508
882796
747677
271283
733358
465
982299
500923
571430
252479
968106
833165
181249
760381
735775
551815
972685
980911
574837
942455
39473
525697
249556
732483
566781
974713
629101
668453
779555
325282
920925
873063
724430
184954
660699
974140
701772
159350
991416
273202
928181
959522
622719
109430
719903
358494
177597
692589
855757
752434
151396
895230
794484
917304
144065
877617
892018
289518
62422
671573
131152
499699
60988
855582
684653
238039
346074
386425
913741
337490
175979
841922
297013
798698
467704
533268
157192
645301
742209
529301
914088
893606
940883
708572
810910
601300
102541
219280
890818
164963
407205
21970
664662
984546
393904
349315
222585
739979
252093
652679
593821
428072
494601
407186
226771
962306
940455
900315
123959
199016
945969
38047
92622
886852
262971
419885
488153
365512
639165
895323
46827
562723
917294
711489
547269
827550
577157
769854
83881
345602
422533
677703
773674
433487
601241
516797
912145
58048
933465
36104
257065
879434
74152
866039
282638
853475
285924
770791
735340
441442
182467
782167
4165
616113
10009
551434
443663
587166
837640
43897
932768
776526
237952
222794
726365
839193
255944
638510
897242
189409
674614
670659
585195
265118
536698
867833
634946
338975
154977
370286
780417
337444
152453
300934
953557
678814
368720
913572
265980
722712
473821
715100
15590
711773
454247
741955
550967
710191
380465
964561
415952
571432
635220
1147
352902
688270
868980
987848
27245
23957
874486
324014
877753
543292
141300
347662
222106
510020
261235
4439
749085
735056
235891
764675
963182
690138
22983
30501
916681
919800
511414
848985
491232
146634
850132
360487
834904
235465
348335
378502
775774
222822
702516
653528
766114
843817
517542
504572
870189
295129
509011
619274
30186
744903
900302
509720
951393
439637
540221
868075
359437
51635
233412
367022
714621
83545
727509
65877
835362
592196
444379
611136
331370
146896
781016
97484
990713
298559
118409
860902
593688
627420
996529
140226
372323
413183
649946
323717
852820
706519
708144
212257
274506
941556
579279
989127
541453
306788
55005
376815
898985
15736
504304
230355
162632
801672
844192
669697
100231
478953
530600
210272
106373
43481
866850
995049
456664
33149
835118
309484
739668
59614
38093
14175
1170
617373
519654
58976
440513
574659
952143
855850
106748
972799
602558
269380
774472
963102
939078
391055
442055
986030
117679
548428
545863
984530
59829
2527
17679
894947
828363
273699
954561
866456
287874
472084
483829
807529
47412
440695
898540
999555
296545
5288
972355
899103
791021
263179
862205
246451
654234
820612
232481
771914
369041
294696
756444
945222
297223
290475
840170
641938
564174
311083
508394
368401
783167
508576
692282
346931
465623
107174
346487
762168
628815
835194
177624
419836
98373
39829
666287
752607
376794
415120
40873
745835
226168
313669
691057
39743
120496
47579
681681
684671
875015
706427
569424
174534
731355
261706
521466
196978
368880
867953
959147
514047
703147
136771
933883
317872
692952
116522
586831
69746
47994
627705
331933
790514
457726
539343
830257
578223
103274
511938
779246
978289
218366
348670
152824
466073
610376
674290
663052
495608
58595
622199
9656
761742
275322
459891
595966
484626
92766
182797
70725
657112
810502
919010
447627
784581
974705
277884
362804
77980
306175
658402
56269
40893
7072
725445
506966
133800
399735
170018
629408
458330
308569
155416
736424
100243
131660
332390
584870
740778
31540
171947
397890
358394
90957
845517
142975
65663
639754
22131
659995
945929
680533
232616
986822
687605
958062
10140
821405
874149
180159
967166
848832
488728
638934
101608
105324
286946
950351
690194
27724
981891
378493
425615
340285
469450
787484
483261
51465
943590
21744
227812
889519
702278
460429
392693
906235
934843
919186
243993
808992
99345
211159
657824
104425
366445
275785
209749
653392
226136
416295
681116
208027
794788
623083
548312
780591
410568
547925
348408
354158
569670
576221
760030
788300
36650
669075
694535
971493
588261
938528
296837
203958
666039
471014
308384
548837
746799
34485
202229
972935
450781
399697
697314
761921
22781
761978
58864
949701
309904
407273
303859
395926
983494
580241
184226
536496
765669
395113
24341
353930
333642
837530
557889
516033
308544
382625
64870
571695
933462
267099
60982
900595
666797
758296
662517
205930
520275
721381
155631
346531
645006
975842
742457
628500
556084
443035
681348
321753
838148
222041
192035
171790
59572
266276
204176
884468
165253
269046
456164
98716
52498
517146
999311
235647
791795
178180
441577
312070
899562
597208
658601
544568
573050
917410
689421
645486
360445
887121
967239
198593
625515
675627
886736
685087
941903
90912
85907
107157
876310
58423
722225
928808
575570
237888
164455
883717
416069
606032
195787
831983
719592
370740
892903
292643
288150
98676
938129
164947
985798
421721
879892
611313
613700
282980
812752
555603
373892
898659
179112
250203
473435
901337
695363
565357
139226
859819
449074
71647
465851
644861
903630
185444
531953
796533
994439
336455
895210
448920
17754
397360
386993
897646
8673
693
180627
337777
72649
70871
752788
251761
837426
226223
669451
532790
791580
325029
392609
240654
396676
374812
401867
816658
76608
450172
613191
71047
786627
24753
519968
320733
938465
423313
218380
463490
424007
915359
801267
496656
986230
70408
748417
823657
296631
934220
872799
604564
259249
781760
845218
172277
156572
763438
988935
233181
729962
118479
820580
32942
659584
856900
353675
598050
280214
572055
61540
704221
3766
379160
200877
989997
449568
465646
330006
262551
916219
719157
867115
691820
500917
228686
380450
657489
992124
885737
407022
722086
520568
227603
755028
180153
84503
108704
294555
364717
197111
872447
585290
200878
251607
302519
707227
217527
284518
553585
480079
200737
272742
347194
408909
773659
575880
789359
947500
84356
675097
354523
322795
195665
582126
594175
892170
182981
702879
703077
64051
416343
575525
649341
133573
343484
951861
357152
77364
752731
910737
557443
953468
699831
420989
362377
473490
996870
668089
420990
597578
343186
291865
920373
55203
390343
514549
947374
573325
733780
650451
637376
666475
742328
803069
316400
602165
271282
673552
679529
24013
100641
236972
977481
800472
657961
856211
790314
171183
524300
211305
285114
383838
19522
721839
439041
409866
236388
902767
499543
486521
69571
653271
152996
328251
456340
985749
930416
727623
659301
609945
751636
759943
363269
245470
560415
537583
618033
350730
225118
658685
78387
510232
42523
614261
232072
997916
24127
984812
417036
523670
471333
486607
176941
140682
814858
149634
126431
745275
877257
302084
871572
145245
62027
234842
390715
138795
772425
525100
5877
997543
183785
600616
507776
226308
214877
256200
740577
755357
241012
157613
795379
228698
644220
488673
885732
975430
638307
528515
720705
31916
346951
108630
177161
925331
343472
84229
580478
115897
609329
586355
629792
309467
703323
653920
52127
918200
426472
792704
189909
183837
950317
985289
928887
110889
473962
814619
86320
628621
859486
323377
176889
722789
432007
354050
648120
291831
954631
228598
924080
80313
331305
553873
906132
34628
724145
958259
952829
150618
750964
659090
334455
217633
644379
263342
328523
634693
594313
931195
779666
970151
770924
956555
692940
719284
826958
341061
11115
781589
86011
451548
378254
417317
521773
284386
451945
245918
242646
921126
912888
509962
580217
763695
727595
740948
27037
572470
375642
137702
20017
155308
624205
790942
628216
317146
510226
455174
174559
37693
753115
260570
5593
647722
194239
527366
932108
646185
289637
691106
567311
202525
717420
663880
966221
445016
404829
509610
533838
296823
163665
553856
968483
787870
344798
596699
621368
371376
568225
312279
925421
321341
89202
931015
969063
283441
974733
417523
929626
264370
108630
13290
983248
342402
193522
465821
787418
114703
975431
837609
411526
655448
391465
896362
959671
252615
9413
581039
140343
577639
893319
582116
898980
982521
513131
384395
265962
4217
801918
711941
268587
426900
241583
251835
769303
435105
717656
73073
549809
209440
910682
477687
381240
818499
890401
340911
71114
899815
438303
727809
477454
331622
309926
892786
830495
339409
277181
612809
343626
79099
841102
128566
22352
599037
380401
791655
34143
614410
381080
100304
340202
291763
94343
237794
110262
984745
578706
697729
400912
533361
425538
394718
381335
251816
287504
211830
591226
81037
340991
934852
676488
698446
63418
698840
297483
960172
6847
847978
90934
387928
464634
947488
679691
558978
185282
306305
60075
280340
520386
977339
813701
945925
372057
195036
714093
175913
923218
305319
256950
780562
756524
933438
479008
336294
148631
776491
812818
155478
624470
903752
543406
605456
367592
739449
680786
69227
562107
257213
865919
82493
234552
195973
544770
606609
391009
258864
782522
830580
564183
555824
611142
320707
489263
90150
173354
637894
382993
986172
793372
523815
406277
853131
129272
773869
592580
810058
359448
154687
583624
225368
237181
818176
421341
298303
941138
328702
557167
723660
159282
637703
279485
286776
474762
285100
893278
648116
439346
276272
634289
232718
316439
40566
602201
962063
814435
194782
288474
690236
865821
872098
915604
619354
690274
853297
917658
631412
181999
991177
871425
341282
628880
667262
144410
103643
468714
37689
751759
908060
830313
386048
140778
146752
942966
259332
625168
273754
454114
913642
963990
836287
785740
879594
455642
992366
732891
889652
140131
431242
880829
527908
772524
509710
195170
433287
129705
663884
470976
881464
571944
301289
783865
229074
964393
726831
488406
589561
585
458872
503203
964575
295160
805295
360521
267154
314014
609764
156806
454145
41007
553987
982053
329883
580049
177223
763170
709754
357459
750498
107571
445755
568139
891436
191181
532533
134619
679588
638446
651557
654812
658002
616132
466324
463297
493006
733478
777311
619122
406636
747808
176481
476976
729861
506365
57025
423436
785887
283132
297247
536386
390703
743002
104525
798491
934184
153410
933110
130124
791857
584667
301288
966211
717152
767613
429508
726510
17443
723172
345632
424080
987332
522114
417408
717194
544831
474433
656982
330718
757565
954230
383456
148268
697232
4334
946759
147768
674096
396222
794244
465953
980889
611885
432164
214393
379498
378025
940903
396941
617549
802888
337373
604881
325002
754781
838427
386185
745567
495410
233255
503132
449640
616712
167753
663224
137398
630864
327345
811494
543438
637941
793800
524328
249826
742316
255073
629324
120341
195977
542618
254242
998865
396343
375476
840219
667477
213903
226404
413044
709313
459659
432528
675305
592723
600281
854882
246473
747498
182227
57968
290936
336520
851768
331616
586347
110436
586690
732023
230778
299019
274641
1372
297884
187337
376848
138103
854814
107104
880859
267858
332769
856870
700386
524427
449594
817020
379309
696067
80870
77888
270387
888158
414408
638507
219775
755
748944
322817
732779
496074
621836
523772
497446
436072
711109
390647
90527
82275
14103
971386
350133
346872
828256
566872
871299
794202
900244
766960
6622
981114
844848
277009
869272
259257
915517
605399
260012
664461
928216
509143
676887
66404
549268
174333
502476
776729
81332
109355
859005
95435
80741
725490
958660
425350
292362
346311
219552
708958
113272
742526
690072
958120
19536
75697
217377
451405
197448
993742
632218
642017
502885
309105
708421
568505
999790
727250
345235
81123
836605
204240
692910
917347
929730
167922
859049
738445
514234
594953
447403
627506
337480
653828
101978
873368
245877
319356
324773
443325
313098
956991
85342
332335
266096
793764
900841
265886
37366
246076
863361
873971
966668
556272
307670
412750
240546
166719
667547
754780
278025
631303
898638
615505
801483
617
488873
47360
319973
813646
490685
149423
286989
92380
998110
553085
402496
415303
335323
439862
177731
198685
313833
144399
271309
621504
73502
511855
304575
741049
266636
582600
888704
681626
198105
690187
682243
203330
737547
518568
533328
744585
184343
820317
836965
182454
373402
239461
597757
708726
679323
775489
907411
509508
436240
695072
131012
26094
206927
435588
283496
989915
18188
172200
671542
732646
862388
870137
935976
116287
905058
469305
377224
89401
289622
214189
788207
179377
970002
902317
404455
165677
194158
311866
675186
146750
523290
806198
172845
730217
758138
456341
236485
292679
628541
424379
25325
7281
810868
477653
639921
715926
463310
17145
805328
269285
747687
109887
448662
234041
12204
853117
399719
722714
681335
74905
869465
204625
397455
42310
451194
671946
498651
204031
964625
643544
628410
506302
167178
439279
500307
323451
155205
963618
340596
476885
232903
604635
103125
197917
838677
115329
567386
238396
838044
248721
829653
707509
969698
227108
266171
937244
415406
764822
141276
380031
924718
286038
402685
91896
241669
902993
931699
913227
382963
272296
390112
132218
393283
9589
846487
231960
124919
413873
986708
479315
662594
816361
703176
148644
559822
969347
602240
975228
250521
743516
871612
175239
545907
790649
783488
787576
209994
715187
700803
592957
503835
607268
241527
897119
616857
88014
645431
258128
501887
632140
253795
680833
448501
956971
345829
524675
442670
948070
499904
693191
691586
887868
384783
753845
678517
684623
541422
888512
916162
758577
997821
419998
365845
239349
833469
982703
327363
478900
757183
345603
627392
10979
26436
592246
967950
372266
116921
926973
320336
133177
136516
528274
21045
521299
282120
215915
205922
339894
104427
638437
98471
618600
58435
464317
857949
408256
963372
701665
887156
720555
47268
30901
247886
590056
623147
732189
962322
740068
659162
799010
873246
795678
843637
410643
316978
125757
626558
39252
982003
247337
194041
80474
382290
252476
61143
240239
177084
540867
458256
580593
777775
505524
611494
25661
95581
234641
757850
574255
974709
417012
373266
364307
729043
216903
774951
562373
859012
917861
601625
357367
681551
795667
954193
63841
564495
15337
820432
741580
72556
278689
322173
850331
300565
933667
392345
912498
684660
150195
486754
659369
83560
376372
540029
812603
109627
831332
374976
484991
749193
492953
358710
947096
804972
312903
527289
885820
844592
347722
143752
917149
142763
982277
283832
959680
432296
676177
872179
116956
826373
875285
292677
426285
768009
832706
755240
877636
664038
130216
878979
929584
139521
237689
393032
460846
550592
920322
346666
395185
784396
6770
828686
927159
989047
112518
403191
421343
788696
275370
54651
131421
667007
347328
557706
435016
180035
312946
829004
360425
959514
224335
290009
615387
462024
683042
592585
528969
119716
939251
440506
904112
462373
269192
347623
451420
898062
750814
389115
686758
26185
443766
334531
209544
307447
408589
644561
3834
237887
989917
364259
713753
214253
170621
329141
192629
370015
921726
721598
489731
377330
678456
910195
839703
464000
257818
807476
362063
8632
712943
565173
551169
673062
899705
760714
980509
308294
405275
500695
546182
395192
864954
259935
125797
551927
105428
318427
438294
543507
556377
444377
920837
234834
354572
276892
698834
612390
600720
577249
621023
830016
142423
172192
503078
42128
932906
999939
866774
854533
16986
929308
766078
398292
705596
891875
950220
811024
210302
388514
870883
766680
832892
791720
517866
703816
584965
216700
316207
702037
793950
937230
532053
936373
625774
551483
494853
75033
67774
877979
929566
84760
323640
695644
483053
29236
103872
433273
356612
830526
338139
227496
597206
687383
535568
115072
391200
636885
848125
707407
338923
158427
160989
387328
94800
303115
938812
106005
378148
6586
500336
824067
91347
823976
519711
574400
369564
139935
524025
242529
970462
862164
986377
84020
65900
521945
199093
457100
675183
563570
680859
14106
721997
358200
401434
333149
661315
856598
955506
555816
863185
455842
379883
470884
796171
415946
45284
682087
555882
569309
924616
42696
947825
910993
126716
530077
949291
325809
503529
624474
405731
700740
154932
127728
58940
72718
460877
236608
929317
416383
308776
308854
388578
688659
779738
701101
620957
341374
383188
176839
910683
307805
219535
374860
735150
862604
904938
200793
188413
924819
825267
110497
625560
496551
238225
684500
85622
699103
437460
531291
631838
746236
840145
20416
951247
619883
237869
572205
961257
621058
265396
388292
445215
1284
279504
180365
863888
700794
381159
568653
625614
722778
679150
251174
735682
917376
452026
821304
132831
405839
352595
281021
152075
192740
301438
619675
328975
539307
191880
806584
676717
457276
711228
121932
974912
990732
818650
838800
207879
199809
923806
833493
438939
602956
601019
174621
520332
53045
512277
169515
458884
864872
450537
127312
573964
268327
746987
419291
323986
455219
742227
704
428847
453455
638988
403760
960540
457638
758912
168419
657447
682718
518264
612739
285675
119283
303712
322359
688680
815990
491875
663917
197214
458764
791229
287531
727091
54568
223174
51077
509787
965402
568133
938634
418857
207122
342394
895749
664760
617659
64168
838560
300377
98784
967651
586052
218067
271363
908412
423100
603705
916639
87017
317272
375403
394598
604803
618846
449166
827977
186275
475305
309731
754409
413939
728589
477883
272686
140690
142643
890345
721211
497555
190722
819995
465206
293127
554415
252922
717891
977515
856627
634530
64532
173899
526285
459130
295054
661483
424648
123032
847758
899953
949115
118519
830244
194056
596402
619282
334747
255398
25979
55958
752953
733054
875953
734512
26181
430368
987434
744072
407883
844061
894954
988767
534313
937591
964249
829367
599074
388897
468751
963184
805202
417867
81704
151799
611923
678106
771081
463022
449856
797061
518980
202810
530115
911286
937322
72648
858006
441108
333072
265890
801521
744378
771009
335834
681969
735259
681554
797395
640508
666657
760579
962063
600876
358635
113862
729152
553094
401295
192174
2950
714708
227507
722112
244823
138793
659434
833823
996799
616894
166895
779041
418416
911273
66403
270602
109594
318014
468508
906989
958522
135166
183921
436937
252394
58908
550799
981546
612002
468447
690073
614953
183155
433932
853417
944331
572725
512852
778154
85876
646098
461402
381270
64514
372675
447673
335117
998622
765687
319977
421963
240561
455143
605884
677499
223890
181145
744650
721788
793147
213097
411861
924452
912605
845793
777870
856936
934870
807074
151442
537099
969524
612844
918369
34039
501872
882394
885508
500494
164433
205485
922457
404994
176981
44694
598845
400871
225839
859848
122659
535338
589297
50873
976143
501902
413018
754013
358838
347889
77439
510281
401340
46963
639477
836061
597354
141349
718455
999214
641843
399240
204700
564301
320586
898033
125347
919432
815256
351186
295632
937915
886524
884929
505140
862667
386832
918159
133032
262022
782400
726823
288655
183740
290139
928133
536153
887493
585834
770960
886708
227678
170200
607760
308331
490786
22145
433678
926570
837401
784864
222202
291668
187740
623484
796809
566760
10316
231320
216144
272338
13720
942968
77346
713812
233107
521831
766317
636952
107665
537277
523660
335343
707477
647772
160026
714615
669917
593704
641186
507318
894920
379740
798987
599013
3224
112148
165773
529892
343468
898269
318583
873540
841237
395929
103704
590696
917760
870021
227649
25425
407298
751309
877121
631127
915434
37147
345742
585351
147204
503280
609022
42124
883021
924361
157489
402597
36509
839614
932490
896329
737884
251073
769869
579121
647002
389925
686170
81114
259946
913819
106539
183596
181480
500012
814723
96914
537160
676817
682266
684364
180098
807640
242840
579471
732001
916682
982068
768510
756296
430910
664839
494180
681983
951060
589654
845337
857337
275824
442803
633635
189643
65695
817231
371123
565707
148306
984390
619219
341475
183008
303583
521573
990648
62776
617396
722649
979458
599465
491159
735754
546727
672350
746287
228711
139762
852293
590400
997099
128117
33204
630734
834112
98899
964317
721587
180958
112623
705977
800178
454098
888985
620113
492024
879633
682889
109420
118634
178699
225237
609793
430806
771965
798495
693445
517028
938257
545738
623780
451708
673855
173336
82442
24319
272235
46759
745906
969546
675734
968236
769724
646185
373573
389837
654561
769559
589079
280333
888193
284130
505571
14339
714936
793888
812834
924733
827268
267444
470471
451048
719152
660678
624385
801595
684997
412972
364706
947256
382518
556793
915492
668594
202978
289065
574784
373891
58624
163863
654224
946818
964345
159795
961157
195634
470035
290343
120367
297303
557787
590839
264704
276940
251517
405441
594887
452867
334765
475945
400123
717284
32738
315615
902230
752068
121032
477014
125959
696009
157229
780184
642827
121575
456331
120336
317209
926367
927031
953928
740022
484819
544767
521078
278111
312637
926519
872998
765504
261285
348943
165627
494921
381682
997594
913503
650102
634978
390518
776062
330987
64099
556246
490166
702026
528929
126854
535587
971648
53886
489516
228023
538705
34283
749101
816816
863272
191973
206166
628776
969610
555109
310755
980883
453143
824701
894386
103246
459680
801256
395660
307019
381708
468258
797186
83734
997187
924040
619322
968836
977926
625190
196859
32983
659473
462312
366151
522746
654285
572317
667874
140247
643779
978630
121130
613274
319683
531869
232872
779363
333125
628532
602735
231185
96790
399921
314920
93978
840313
450594
579166
334592
75784
292377
367575
251609
754689
250079
774355
925327
822396
958582
65574
466175
453564
703057
79450
773247
234926
312322
68963
84403
457207
671698
315589
553997
71619
146861
164327
428284
597455
259845
762876
673239
552222
646804
924848
306912
896883
215556
748591
235631
690490
330517
701807
144054
33574
297609
917301
784852
126283
986264
869256
99842
657962
701197
653840
245933
848058
334519
190570
445513
594365
469798
635104
146587
116602
76304
969851
529837
808212
234794
765469
498702
565312
983628
642756
115238
797589
76410
900091
440224
62674
285699
540067
236989
986896
710259
999274
834954
44778
189844
796819
155495
659643
948275
818435
292597
24579
788286
338787
832792
23081
620608
331494
104745
604236
490603
219983
918177
567013
120074
358401
146039
405773
414820
899380
909021
125079
898655
260327
686210
604851
57146
358057
780846
521773
176492
589796
546353
964779
928583
895497
504212
549191
743343
608957
669779
233946
828940
587956
317311
465367
462709
463351
387492
877530
879083
296514
518961
777738
556841
721523
898942
130340
79581
679788
652113
256073
269584
714818
737204
198167
610315
241416
263710
353659
366725
933489
103957
712018
521445
937621
177385
984155
917324
81229
378037
796407
377743
896998
574146
450937
134874
473088
581277
214455
669228
749742
470528
938813
464561
207733
653332
591228
965501
917043
461239
332227
850532
565197
560597
371978
19170
254334
872485
936494
335563
250522
732901
713307
663872
823399
164244
798746
812839
261873
13201
482068
527967
82
937233
992528
724167
590565
100109
206020
507608
561348
54599
874493
642897
615196
762823
662067
869530
635308
598561
205094
402182
847815
434753
66054
671214
115349
381153
484054
377222
910706
966122
905189
910788
419707
414070
151307
10272
30531
873680
34233
591879
928279
908726
751129
543476
671549
413196
929358
823209
528110
650804
225391
375925
85557
807797
47139
200906
188950
47545
94480
99657
530019
516022
526797
949726
930092
194457
959999
960623
68137
510584
68854
996416
419310
819983
56244
607211
749532
985603
430420
793994
152759
172163
169919
238317
979960
733410
955575
685263
297308
50056
784920
827327
566078
828069
293406
12522
22526
253405
489497
90663
280341
558351
603432
699651
894687
659676
823214
160571
161631
769986
954565
830743
942149
640836
69060
438461
374246
540987
123724
187906
107395
908644
15234
673473
253066
308640
202347
275592
78397
208196
882608
358738
766548
2392
574741
177587
178420
914307
338158
856404
684293
292723
687147
142794
933559
272559
581255
824157
813546
221332
12064
920942
646328
543650
110767
899394
368642
829467
691339
963391
37663
90299
838481
320563
92691
929574
498150
271111
843881
352660
127515
44526
161735
331014
187320
95294
603573
284927
435804
933472
22611
964220
854414
668940
24222
481533
568334
392864
311000
776025
872607
865016
866324
711088
185579
959015
157014
683730
746479
895
552742
390346
561773
714478
721361
265445
326124
324934
66724
761928
258406
89336
242500
629172
758276
266722
110706
842962
175938
938058
618988
564897
803074
1664
275985
505006
960680
432999
188736
223511
950246
257830
613857
512019
972308
335218
293816
298433
176505
360541
60361
434911
449877
819214
580436
724505
85936
207494
567467
778227
661904
702807
343124
464979
704472
135462
486337
181504
84813
191425
921367
35060
449255
535224
63431
421564
870443
357248
719997
563300
717789
296710
514563
684018
115924
94999
408523
718213
818845
492342
496440
480750
195150
355916
462081
415974
491378
948418
113830
576192
