100
755523
868757
806755
264868
285752
848423
877746
158308
96978
645415
342300
418855
911980
870703
172197
641857
628638
884121
372565
143934
94040
814680
576208
209616
597721
300027
593815
945134
695712
212877
152042
967587
81635
475149
232455
883739
323572
110202
42048
936903
271969
900700
355758
183950
287756
527955
825807
916394
928428
714725
576680
22469
529405
669240
232085
127126
969267
825900
588612
181332
555129
257006
148919
153116
732155
897727
36856
55728
7929
595256
992631
279898
495956
348389
980200
300064
392697
806008
732811
321125
520733
309491
859946
566490
978732
92031
209969
947999
434283
798581
645683
505765
55588
794603
658881
304095
692330
695737
359823
216611
