1000
2096
4013
5799
6550
6826
7159
8476
9030
12488
14134
14492
15771
16244
17109
17289
18243
18515
19522
22497
23027
25402
25762
26086
26416
26539
26886
27768
28162
29563
30417
30760
31281
31546
32409
33191
33295
34075
35972
36186
37855
38262
39342
39519
41078
44308
44659
45374
45389
45617
46630
46994
49748
54442
54499
55380
55575
56430
58706
60273
61322
65097
66332
66904
67643
70656
71560
72791
73226
73392
73947
74107
75643
77767
77938
78253
79450
80558
83795
84870
84871
86547
86708
87621
91345
92622
93698
94280
94305
95200
95460
96223
97583
98189
100437
101139
102134
104610
104809
105124
105598
106325
108196
108250
109853
110984
112889
114767
115233
115267
115652
115670
116936
119193
120085
120741
122318
124041
125069
127260
128395
128786
128905
131145
131402
132336
133636
134164
134340
134815
135790
136078
136815
138815
139525
140809
141399
141818
144599
145285
147316
148604
149533
149681
151244
151420
152663
152987
155181
155987
156310
156855
158824
158896
160074
162452
162512
164002
165561
166357
166995
167358
168963
169542
169744
170217
170709
171094
172123
172519
173277
174150
175200
175306
175785
176303
176632
179226
181407
182502
183532
184232
185830
189274
189545
191369
192734
195270
196038
196782
196969
197076
197214
197921
198755
198955
199401
200177
200295
200633
202081
203986
205372
206563
207306
207654
208208
208432
209559
211196
212629
212717
213620
214408
214834
218743
219022
219066
219461
219605
220451
221793
221957
222048
222349
222748
223686
224049
224223
224845
225345
225351
226694
227796
227839
229976
230949
231280
231365
231822
233539
236006
238083
238941
241441
241541
243063
244390
244484
244555
245551
245630
245750
246569
248896
250713
251829
252651
252840
254278
255372
255384
256062
256343
260056
261023
264236
264696
265086
267327
268796
269438
269868
273116
273758
274506
275034
275512
276344
277689
278638
279329
279671
280674
281193
282489
283450
283684
286224
286696
287204
287333
287563
288271
288613
288730
289072
289536
289846
289952
290620
291310
292790
293202
294122
296186
296507
297530
298167
301271
301381
301782
301857
304183
304905
305433
305701
308088
308282
309557
310129
311432
314012
314385
314533
316626
317988
319689
320433
323321
323715
324730
325172
326476
326818
327410
328540
328869
329315
329447
329571
329917
330595
331106
331994
334725
335858
336508
337859
337861
341688
342584
342761
343093
343626
343774
344230
344242
346472
346526
346680
347436
349290
349703
351082
351333
351883
351949
352121
353572
353708
354437
354837
354993
355495
356453
357038
357488
362639
362844
363094
363285
365097
365287
365362
365661
366310
366933
367531
370242
370818
371347
372383
373644
374113
374583
374867
376688
376898
378427
378523
379329
379866
379870
381409
384615
386340
386959
387158
388409
389143
389158
389790
390025
390479
391147
392104
392597
393249
393653
395405
395773
396044
396980
399268
400900
403170
403450
403580
404931
406111
407269
410686
412380
419409
419780
420099
421112
422431
423011
424507
424812
425115
426684
426986
427295
427712
427914
429947
430133
430717
431070
431739
432139
434445
437373
439400
440063
441265
442022
442466
443478
444677
445599
447279
447446
448532
449644
449708
450625
451062
451339
451542
453538
454525
455301
455680
455781
457551
457678
458565
458593
459347
459637
460583
462508
464510
465831
465839
466574
467236
468222
468376
468926
470133
471190
473682
475721
476603
476747
476950
478768
479797
480380
480468
480624
482924
483450
483869
484846
486012
486319
487640
489601
489734
489796
489899
490315
493401
494072
494190
494239
495318
499453
500284
500423
500614
501626
501956
503322
503406
506377
506385
507613
510521
511213
512137
516562
517579
517933
520386
521262
521771
522039
523942
524671
527921
528641
529121
529752
534676
535899
536393
536537
536958
537928
538832
539205
539451
542232
542898
543124
543911
544605
546007
546602
547900
548331
550195
550543
551051
551879
554760
554858
555245
558030
558411
558748
558929
558996
561408
563530
564340
564830
566837
567349
567633
568284
569253
569339
570036
570451
573741
574339
576544
577535
578362
580701
580846
581082
581661
582464
584072
585126
585893
586297
586327
587330
587479
588770
588952
589046
589731
589847
590431
590622
590875
594656
594800
595639
596713
598902
600461
601312
601385
601902
602703
602770
602853
604692
605882
607331
608343
608698
608753
609003
609190
609233
609301
613798
619165
619327
620745
622053
628258
628893
629562
630809
630855
631520
633235
633854
635125
636232
637088
638541
639174
639345
639597
640360
641751
643083
643869
644340
644508
644568
644945
646123
650097
650198
650371
650408
650894
651449
651488
651944
652324
652421
652535
653505
654684
656707
658249
658384
659016
659923
661276
665456
665534
665729
666248
667166
667555
667623
668142
670262
670473
671543
671709
672469
673703
674611
675348
675569
675949
678789
678965
680261
681735
682838
686974
687197
689108
689234
692102
692415
692748
693834
695807
696785
697916
698377
699132
699502
699950
700803
701828
701921
703585
703923
704639
706137
707902
710390
714536
715108
716658
718276
719247
719430
719682
721700
721958
722093
724143
727071
729672
730553
731392
731608
733265
733503
735164
736003
737969
739334
739380
742362
743197
743658
744416
746325
746449
746808
746923
747348
747700
748456
749480
750434
751383
752887
752992
754917
757099
759762
761192
765682
765907
768018
770892
770926
771051
772071
772675
773403
774250
774581
774974
775485
777154
777959
782085
782774
783535
785406
786322
787929
789764
790839
790968
791048
792795
794080
794393
795108
795975
796903
796993
797682
797813
798566
799046
799134
799464
804447
805873
806398
806680
807156
807537
807880
809356
809902
810601
810697
811494
813568
814999
818386
819173
819558
824173
825573
826220
826271
827988
828403
828812
829813
831518
831673
837729
837978
838577
839457
840041
841552
842224
842301
844947
847468
849156
849239
849644
849794
850433
850500
851179
852695
853288
853391
855683
856568
861378
861624
861771
862051
862748
863394
864037
864353
865191
867721
868499
869030
869071
869993
870152
871298
872596
875519
877065
879191
880382
883269
885748
889065
889226
889283
889485
890530
891011
894034
896340
897234
899693
899720
900332
901957
902397
902579
905091
905895
906346
907517
910126
910603
911191
911224
912003
912326
914260
915695
915913
917333
919140
920082
920562
921050
922957
923448
931016
931191
931672
931748
932578
933588
934368
934514
934711
936182
936546
937302
937460
938229
938473
939625
941001
943122
943870
944352
945301
946100
946407
946583
946953
947526
949015
950238
950482
950674
952158
952161
952283
953027
953982
954188
956250
956747
957514
958401
959272
961999
964249
965485
965517
967240
967339
967423
968810
969321
969543
970169
970186
970898
976222
976831
977887
978941
979095
979724
981125
981191
983518
986884
986941
988271
988582
988751
991556
992205
993964
996304
996312
996357
996553
996696
998354
999023
999549
