100
7929
22469
36856
42048
55588
55728
81635
92031
94040
96978
110202
127126
143934
148919
152042
153116
158308
172197
181332
183950
209616
209969
212877
216611
232085
232455
257006
264868
271969
279898
285752
287756
300027
300064
304095
309491
321125
323572
342300
348389
355758
359823
372565
392697
418855
434283
475149
495956
505765
520733
527955
529405
555129
566490
576208
576680
588612
593815
595256
597721
628638
641857
645415
645683
658881
669240
692330
695712
695737
714725
732155
732811
755523
794603
798581
806008
806755
814680
825807
825900
848423
859946
868757
870703
877746
883739
884121
897727
900700
911980
916394
928428
936903
945134
947999
967587
969267
978732
980200
992631
