10000
82
465
474
585
600
617
693
704
722
755
756
895
1090
1147
1162
1170
1172
1195
1284
1372
1543
1664
1747
1832
2016
2114
2156
2282
2335
2392
2417
2527
2594
2612
2878
2950
3224
3436
3592
3630
3670
3766
3767
3834
3871
3888
4031
4165
4178
4217
4334
4431
4439
4497
4820
4988
5048
5240
5288
5289
5295
5304
5471
5593
5625
5694
5877
5956
6171
6474
6485
6586
6622
6660
6686
6770
6777
6839
6847
6952
7072
7120
7167
7184
7223
7281
7305
7383
7388
7407
7474
7558
7648
7786
7937
8065
8114
8566
8632
8673
8966
9413
9484
9579
9589
9625
9656
9801
9864
10009
10130
10140
10272
10316
10339
10367
10418
10695
10882
10979
11115
11119
11131
11592
11892
11999
12030
12064
12067
12079
12102
12148
12153
12204
12280
12310
12435
12479
12522
12680
12871
12923
12968
12983
13062
13191
13201
13288
13290
13313
13461
13476
13536
13720
13869
13918
14103
14106
14112
14175
14339
14537
14578
14902
15234
15337
15569
15590
15736
15761
15774
16154
16336
16364
16381
16534
16609
16884
16888
16986
17061
17145
17361
17409
17443
17679
17754
17785
17930
18054
18141
18141
18144
18188
18188
18250
18383
18425
18432
18480
18594
18809
18974
19004
19170
19196
19522
19536
19639
19828
19904
20017
20104
20364
20416
20464
20884
20963
21015
21045
21158
21349
21554
21640
21744
21796
21970
22076
22131
22145
22352
22394
22526
22605
22611
22638
22663
22736
22781
22983
23022
23081
23366
23712
23749
23957
24013
24083
24127
24156
24222
24317
24319
24341
24579
24753
24757
25038
25122
25325
25425
25529
25534
25595
25661
25721
25924
25979
26094
26181
26185
26340
26436
26470
26514
26657
26702
26836
27037
27158
27217
27241
27245
27249
27374
27683
27724
28041
28071
28147
28262
28442
28578
28673
28875
28879
28949
29092
29186
29191
29236
29538
29720
29836
29893
29962
30186
30199
30292
30297
30451
30460
30477
30501
30531
30547
30756
30901
31169
31227
31395
31540
31842
31916
32314
32360
32556
32730
32738
32939
32942
32967
32983
33149
33204
33574
33757
34039
34053
34098
34143
34158
34233
34252
34283
34404
34485
34593
34628
34732
34955
34992
35060
35545
35778
36104
36161
36265
36312
36509
36650
36770
36825
36871
36923
37147
37241
37366
37434
37573
37590
37663
37689
37693
37940
38047
38093
38735
38747
39252
39429
39473
39508
39743
39829
40051
40132
40566
40873
40881
40893
41007
41083
41200
41675
41898
42124
42128
42310
42523
42562
42696
42742
42812
42946
42982
43186
43317
43369
43374
43481
43512
43606
43761
43897
44120
44242
44261
44526
44578
44614
44630
44686
44693
44694
44726
44778
44789
44867
45007
45178
45281
45284
45409
45480
45636
45676
45742
45803
45810
46208
46224
46622
46649
46759
46810
46827
46830
46959
46963
47139
47180
47268
47334
47360
47360
47412
47545
47571
47579
47803
47851
47994
48204
48382
48749
48798
48919
49020
49121
49134
50007
50022
50056
50106
50155
50640
50797
50873
50921
50944
51055
51077
51465
51491
51588
51623
51635
51974
52087
52103
52127
52144
52155
52159
52498
52522
52592
52641
52780
52870
53016
53045
53558
53564
53650
53791
53886
54026
54248
54284
54506
54516
54558
54568
54599
54612
54635
54651
54674
54750
54815
54848
54948
54999
55005
55104
55166
55203
55208
55389
55764
55811
55958
55963
56073
56131
56202
56244
56269
56343
56537
56541
56555
56677
56697
56772
56968
57025
57077
57086
57137
57141
57146
57195
57300
57371
57503
57540
57559
57561
57572
57666
57849
57968
58048
58108
58423
58435
58524
58595
58601
58624
58714
58724
58729
58798
58864
58908
58940
58976
59033
59572
59614
59655
59829
59908
59908
59939
59968
60042
60075
60361
60381
60455
60647
60982
60983
60988
61095
61113
61143
61233
61394
61540
61580
61656
61842
62027
62065
62153
62210
62392
62421
62422
62445
62551
62574
62674
62776
62779
62807
62857
62911
63215
63260
63418
63431
63548
63841
63842
63898
64051
64079
64099
64168
64349
64373
64445
64514
64532
64780
64870
64919
65219
65249
65574
65663
65695
65735
65862
65877
65900
65930
65985
66054
66056
66111
66403
66404
66541
66577
66712
66724
66837
66901
67045
67167
67613
67721
67725
67774
67866
68038
68046
68083
68137
68246
68330
68515
68690
68763
68854
68953
68963
69060
69086
69151
69158
69227
69283
69292
69374
69445
69571
69717
69720
69746
69753
69759
69811
70023
70058
70285
70318
70408
70725
70775
70871
70989
70990
71047
71107
71114
71147
71340
71346
71462
71583
71617
71619
71647
71862
71931
72075
72338
72494
72556
72648
72649
72718
72739
72777
72842
72965
72999
73073
73279
73502
73522
73645
73861
74152
74403
74482
74563
74568
74873
74875
74905
75033
75157
75362
75440
75666
75697
75784
76102
76132
76304
76322
76394
76410
76608
76672
76817
76865
76922
76927
77124
77177
77346
77364
77439
77888
77903
77980
78044
78148
78387
78397
78401
78516
78607
78830
78839
79099
79104
79341
79438
79450
79510
79581
79591
79717
79869
79904
80111
80212
80288
80313
80474
80632
80638
80638
80741
80840
80870
80920
80955
80961
81037
81114
81123
81229
81332
81600
81664
81704
81781
81906
82094
82147
82275
82284
82379
82442
82480
82493
82535
82577
82630
82655
82738
82776
82849
83000
83045
83089
83236
83269
83453
83479
83527
83545
83560
83668
83734
83881
83954
84020
84094
84229
84277
84356
84403
84503
84522
84527
84699
84707
84714
84718
84754
84760
84813
84993
85017
85023
85034
85116
85319
85342
85497
85499
85506
85557
85622
85762
85804
85812
85876
85907
85936
85975
86011
86093
86320
86339
86481
86600
86752
86968
87017
87111
87134
87251
87304
87318
87509
87780
87969
88014
88167
88186
88515
88612
88884
89175
89202
89300
89336
89401
89670
89742
89895
89983
90150
90179
90211
90299
90452
90527
90585
90663
90717
90842
90912
90934
90957
90973
91086
91228
91347
91438
91611
91678
91736
91825
91896
91938
92203
92380
92622
92666
92691
92766
92883
93139
93147
93196
93447
93508
93805
93848
93886
93942
93978
94343
94366
94395
94419
94480
94566
94740
94768
94800
94820
94837
94999
95051
95205
95231
95277
95294
95308
95435
95581
95589
95699
95703
95761
95806
96344
96394
96790
96861
96914
97041
97225
97484
97930
98240
98334
98373
98471
98508
98592
98676
98716
98784
98791
98801
98899
99034
99081
99088
99200
99345
99509
99657
99710
99842
99853
99929
100109
100231
100243
100304
100347
100464
100602
100614
100618
100641
100687
100691
100760
100815
100959
100985
101451
101492
101509
101608
101636
101643
101978
102377
102469
102541
102991
103125
103137
103143
103246
103274
103345
103347
103396
103643
103702
103704
103790
103872
103923
103957
104219
104245
104315
104425
104427
104525
104658
104745
104846
105019
105324
105404
105428
105516
106005
106151
106161
106304
106305
106373
106539
106748
106780
106786
107104
107157
107174
107218
107297
107395
107520
107571
107607
107635
107665
107701
107757
107834
107874
108439
108499
108530
108630
108630
108704
108731
108854
108889
109089
109184
109355
109420
109430
109547
109594
109594
109627
109762
109887
110040
110070
110255
110262
110293
110347
110436
110497
110512
110666
110706
110735
110767
110798
110889
110960
111118
111163
111214
111317
111473
111491
111540
111588
111808
111820
112148
112226
112518
112623
112626
113027
113080
113251
113272
113409
113552
113722
113830
113862
113925
113943
114062
114215
114227
114324
114465
114678
114703
114751
115072
115173
115238
115329
115349
115897
115924
116187
116204
116287
116364
116486
116522
116524
116602
116651
116684
116700
116714
116742
116837
116921
116956
117134
117183
117361
117478
117679
118155
118174
118349
118356
118409
118479
118519
118594
118634
118877
118885
119283
119367
119435
119553
119716
119728
119733
119739
119846
119928
120007
120030
120074
120098
120160
120242
120336
120337
120341
120367
120496
120559
120872
120902
120914
120935
121032
121050
121130
121187
121348
121353
121482
121575
121794
121932
122046
122087
122196
122486
122659
122676
122976
122976
122978
123032
123042
123094
123391
123398
123701
123724
123887
123959
124006
124066
124228
124498
124523
124555
124638
124740
124770
124919
125079
125347
125364
125498
125757
125797
125812
125812
125959
126283
126304
126431
126558
126591
126631
126716
126854
127020
127202
127312
127342
127470
127515
127516
127728
127768
127845
128027
128109
128111
128117
128150
128327
128394
128457
128566
128628
128691
128743
128892
128979
129272
129389
129555
129605
129661
129690
129705
129727
129752
129827
129840
129914
129996
130044
130123
130124
130216
130278
130340
130762
130965
131012
131014
131116
131152
131324
131421
131525
131613
131660
131853
131958
131984
132218
132258
132831
132854
132884
133032
133177
133272
133567
133573
133657
133664
133691
133777
133800
133922
134233
134619
134659
134859
134874
135083
135166
135457
135462
135515
135549
135845
135938
136135
136140
136311
136408
136418
136516
136599
136771
136894
137203
137398
137427
137702
137777
137876
137882
138103
138196
138359
138564
138633
138793
138795
138809
138835
139226
139477
139521
139592
139762
139809
139883
139935
139963
140017
140130
140131
140226
140232
140247
140343
140361
140682
140690
140778
140839
140855
141028
141229
141262
141276
141300
141349
141647
141944
142106
142238
142264
142273
142360
142423
142617
142643
142654
142763
142794
142961
142975
143061
143110
143657
143688
143721
143752
144054
144065
144399
144410
144451
144452
144596
144644
144953
145044
145245
145471
145513
145709
145754
145978
146039
146080
146123
146123
146151
146400
146587
146634
146750
146752
146861
146896
146941
147179
147186
147204
147263
147595
147595
147768
147833
148082
148268
148306
148497
148501
148631
148644
148908
148929
148929
149123
149161
149232
149304
149357
149423
149458
149522
149634
149643
149656
149862
150195
150257
150346
150360
150594
150618
150800
151307
151396
151442
151539
151698
151799
151862
151985
152075
152124
152245
152453
152520
152607
152723
152759
152824
152862
152946
152973
152996
153410
153536
153673
153873
154009
154214
154353
154359
154687
154788
154932
154977
155018
155097
155205
155308
155416
155446
155467
155478
155495
155631
155969
156110
156527
156572
156627
156806
156984
157014
157192
157229
157489
157613
157729
157842
157961
158007
158226
158427
158983
159001
159099
159282
159350
159658
159723
159724
159748
159795
159835
159846
160003
160026
160169
160303
160571
160598
160625
160636
160686
160741
160814
160969
160989
161152
161218
161377
161419
161472
161553
161561
161631
161735
161820
162042
162267
162386
162403
162412
162632
162742
163082
163220
163445
163665
163702
163771
163863
163881
164053
164244
164327
164344
164433
164455
164477
164562
164687
164906
164947
164963
164979
165057
165253
165279
165627
165677
165712
165773
166130
166687
166695
166715
166719
166895
166944
167051
167178
167292
167458
167574
167744
167753
167761
167889
167922
167926
167970
168225
168419
168423
168463
168511
168867
169196
169466
169515
169645
169890
169919
169999
170018
170200
170256
170455
170621
170770
170787
170829
170867
170904
171016
171030
171183
171356
171413
171549
171790
171885
171923
171947
172061
172163
172192
172200
172253
172277
172820
172845
172993
173336
173354
173531
173553
173885
173899
174035
174116
174148
174283
174333
174501
174534
174558
174559
174621
174657
175145
175150
175210
175239
175558
175771
175838
175887
175913
175938
175956
175979
176029
176070
176131
176237
176279
176481
176492
176505
176521
176552
176573
176665
176705
176781
176839
176889
176941
176981
177034
177078
177084
177161
177223
177310
177385
177587
177597
177624
177704
177731
177775
177813
177876
178154
178180
178231
178255
178261
178293
178321
178420
178430
178566
178699
179112
179377
179405
179534
179553
179637
179840
179878
179915
179919
180035
180098
180153
180159
180365
180627
180935
180958
181145
181249
181480
181504
181750
181999
182002
182085
182227
182445
182454
182467
182488
182688
182797
182981
183008
183105
183121
183155
183267
183319
183403
183478
183596
183624
183740
183785
183791
183804
183837
183874
183921
183959
184012
184098
184226
184343
184527
184954
185156
185157
185222
185282
185444
185579
185673
185681
185683
185868
186272
186275
186294
186361
186431
186518
186604
186615
186641
186842
186938
187066
187179
187235
187250
187320
187337
187552
187640
187740
187893
187906
188130
188342
188394
188413
188633
188684
188736
188950
189012
189224
189330
189409
189534
189643
189742
189844
189909
190108
190164
190536
190570
190722
191104
191181
191272
191391
191399
191425
191504
191511
191541
191735
191880
191973
192035
192046
192051
192174
192333
192376
192401
192501
192570
192629
192718
192740
193028
193162
193443
193456
193522
193689
193876
194006
194041
194056
194134
194158
194239
194356
194457
194559
194663
194782
194987
195036
195150
195170
195189
195261
195328
195634
195665
195682
195787
195973
195977
196095
196102
196120
196282
196284
196421
196859
196978
197013
197111
197116
197207
197214
197216
197416
197448
197487
197645
197849
197917
197919
197966
198059
198105
198167
198411
198593
198685
198690
198793
199016
199093
199161
199289
199543
199809
200018
200235
200737
200793
200877
200878
200906
201445
201472
201490
201557
201729
201822
201954
201968
202229
202347
202365
202518
202525
202548
202570
202679
202810
202978
203016
203082
203330
203610
203875
203958
204005
204009
204023
204031
204151
204176
204240
204353
204526
204533
204546
204599
204625
204629
204700
204758
204861
204875
204988
205094
205375
205485
205514
205532
205710
205815
205922
205930
206020
206067
206068
206121
206145
206166
206575
206803
206927
207122
207270
207489
207494
207624
207733
207837
207879
207893
208027
208196
208286
208371
208399
208415
208584
208805
208849
208910
209440
209544
209565
209602
209749
209766
209994
210023
210272
210302
210487
210818
210840
210869
211005
211145
211159
211304
211305
211320
211469
211484
211513
211539
211688
211720
211830
212170
212257
212269
212685
212693
212879
213059
213087
213097
213371
213384
213452
213469
213635
213883
213903
214189
214214
214253
214355
214393
214455
214512
214596
214662
214877
214945
215203
215216
215326
215349
215399
215472
215556
215814
215915
215918
216013
216106
216144
216209
216217
216341
216454
216680
216700
216871
216881
216903
217035
217122
217377
217458
217527
217617
217633
217644
217653
217862
218067
218076
218366
218380
218398
218924
219005
219069
219183
219269
219280
219303
219535
219552
219693
219775
219983
220113
220335
220429
220514
220527
220534
220671
220833
220946
221210
221332
221409
221502
221894
222036
222041
222054
222106
222202
222412
222585
222794
222822
223117
223174
223272
223341
223511
223890
224335
224463
224559
224604
224660
224677
225013
225118
225237
225337
225368
225391
225403
225412
225523
225536
225575
225839
225936
226076
226136
226139
226168
226223
226308
226404
226771
226837
226840
227108
227154
227267
227322
227496
227507
227540
227603
227649
227678
227751
227761
227812
228023
228094
228598
228635
228686
228698
228703
228711
228766
228772
229023
229056
229074
229222
229316
229791
229849
229854
230013
230355
230729
230766
230778
230833
231113
231185
231215
231320
231546
231706
231956
231960
232072
232481
232544
232599
232616
232718
232811
232850
232872
232903
232940
233107
233181
233255
233412
233490
233656
233669
233818
233930
233946
234041
234088
234290
234393
234552
234641
234794
234834
234842
234926
235200
235419
235465
235631
235647
235675
235679
235702
235783
235831
235891
236090
236107
236360
236388
236485
236608
236972
236989
237016
237048
237161
237181
237544
237648
237689
237707
237794
237847
237869
237876
237887
237888
237952
238039
238091
238225
238317
238396
238424
238559
238762
238770
239002
239132
239349
239461
239548
240006
240239
240546
240561
240654
240714
240840
240904
240945
241012
241230
241274
241416
241527
241583
241591
241669
242006
242297
242343
242442
242500
242529
242646
242721
242780
242840
243294
243459
243822
243900
243918
243993
244277
244414
244471
244587
244823
244984
245009
245126
245308
245470
245639
245694
245753
245794
245877
245915
245918
245926
245933
246076
246338
246451
246473
246640
246656
246969
247151
247337
247381
247521
247660
247886
248057
248103
248172
248174
248721
248919
249179
249235
249494
249556
249682
249752
249777
249807
249826
250079
250203
250521
250522
250632
250667
250875
250956
250993
251049
251073
251174
251213
251364
251447
251495
251515
251517
251607
251609
251753
251761
251816
251830
251835
251920
251980
251983
252087
252093
252100
252102
252146
252153
252158
252394
252409
252426
252464
252472
252476
252479
252520
252542
252615
252741
252758
252774
252788
252897
252922
252936
252939
253040
253059
253066
253187
253357
253405
253762
253795
254033
254242
254334
254350
254557
254651
254819
254983
255073
255299
255398
255944
256011
256045
256073
256200
256253
256473
256501
256897
256943
256950
257042
257065
257182
257213
257366
257449
257454
257543
257616
257649
257698
257818
257830
258021
258123
258128
258223
258228
258251
258323
258343
258401
258406
258423
258614
258643
258864
259035
259130
259150
259249
259257
259332
259360
259539
259845
259935
259946
260012
260048
260070
260327
260570
260640
260713
260738
261153
261213
261222
261235
261285
261298
261672
261706
261735
261873
261893
261906
262022
262162
262264
262405
262551
262581
262647
262665
262745
262944
262971
263179
263280
263342
263559
263650
263710
264023
264249
264370
264469
264547
264704
265118
265286
265396
265445
265451
265503
265844
265886
265890
265962
265980
266096
266168
266171
266276
266636
266722
266793
266833
266855
266967
266996
267099
267151
267154
267194
267381
267444
267477
267579
267646
267654
267797
267858
267868
267872
267898
267969
268274
268327
268491
268587
268676
268681
269046
269171
269192
269285
269380
269461
269584
269653
269736
269865
269990
270101
270338
270380
270387
270543
270561
270602
270726
270769
270788
270914
270928
271111
271112
271282
271283
271309
271363
271487
271653
271713
271736
271797
271897
272018
272093
272235
272296
272338
272559
272620
272684
272686
272742
272817
273045
273176
273202
273392
273424
273534
273679
273699
273754
273847
273859
273935
274075
274081
274202
274283
274506
274615
274641
274682
274770
274820
275005
275222
275230
275313
275322
275370
275450
275471
275592
275637
275757
275767
275785
275824
275909
275985
276012
276134
276149
276272
276272
276412
276439
276444
276477
276745
276788
276892
276895
276940
276952
276963
277009
277049
277107
277181
277321
277359
277385
277490
277655
277884
277934
278025
278056
278111
278126
278571
278660
278684
278685
278689
278708
279060
279109
279169
279338
279424
279438
279440
279485
279504
279702
279740
280028
280039
280123
280214
280333
280340
280341
280414
280593
280807
280970
280981
281021
281148
281302
281328
281499
281508
281574
282120
282160
282211
282352
282638
282643
282699
282980
283042
283101
283132
283262
283441
283459
283496
283612
283832
284101
284130
284278
284311
284328
284386
284457
284509
284518
284615
284788
284847
284927
285027
285059
285100
285114
285197
285359
285675
285699
285707
285799
285895
285924
285984
286038
286182
286720
286776
286778
286785
286946
286989
287064
287210
287349
287468
287504
287531
287863
287874
288056
288150
288195
288212
288329
288474
288655
288812
289065
289289
289518
289622
289637
289837
290009
290011
290017
290042
290139
290261
290328
290343
290372
290443
290475
290700
290701
290936
290938
291136
291301
291311
291426
291467
291627
291668
291740
291742
291763
291831
291865
291885
291933
292025
292148
292320
292362
292377
292457
292481
292485
292537
292551
292597
292610
292643
292677
292679
292691
292715
292723
292963
293002
293006
293124
293127
293209
293388
293406
293435
293621
293658
293816
293885
293913
294055
294244
294511
294555
294696
295001
295054
295129
295160
295201
295320
295474
295504
295623
295632
295859
295881
295907
296369
296376
296426
296428
296514
296545
296606
296631
296710
296764
296808
296823
296837
297013
297074
297223
297228
297247
297303
297308
297483
297553
297609
297792
297884
297906
298038
298204
298303
298383
298433
298462
298559
298614
298617
298626
299019
299027
299081
299126
299521
299536
299745
299885
299911
300121
300377
300565
300599
300721
300749
300829
300934
300992
301009
301126
301180
301189
301208
301288
301289
301438
301477
301565
301861
301964
302045
302084
302109
302156
302192
302199
302200
302412
302519
302567
302632
302696
302722
302778
302999
303066
303085
303090
303115
303333
303525
303583
303712
303859
304036
304301
304575
304621
304730
305096
305181
305319
305489
305652
305733
305760
305824
305928
305986
306127
306175
306275
306279
306281
306305
306463
306576
306668
306788
306855
306912
307019
307100
307174
307192
307447
307449
307569
307670
307805
307928
308272
308284
308294
308331
308384
308428
308461
308464
308486
308496
308544
308551
308569
308625
308640
308756
308776
308814
308854
309105
309300
309467
309484
309731
309813
309886
309899
309904
309926
310018
310408
310618
310755
311000
311083
311594
311672
311685
311695
311716
311800
311841
311866
311867
312022
312070
312276
312279
312322
312415
312637
312771
312823
312903
312946
313086
313098
313105
313309
313343
313467
313544
313669
313833
314014
314147
314393
314420
314481
314738
314920
315135
315400
315444
315589
315615
315875
315915
315965
316050
316207
316400
316439
316529
316733
316930
316978
317130
317146
317209
317270
317272
317311
317312
317458
317484
317583
317647
317731
317822
317872
317964
318001
318009
318014
318065
318086
318204
318232
318254
318372
318427
318583
318731
318869
319017
319274
319316
319356
319402
319683
319973
319977
319985
320022
320028
320065
320114
320176
320298
320336
320523
320563
320586
320604
320707
320733
320778
320852
320992
321141
321341
321723
321753
321883
322035
322173
322359
322547
322579
322587
322772
322795
322817
323377
323451
323456
323640
323717
323776
323799
323971
323986
324014
324133
324337
324430
324531
324583
324773
324827
324865
324934
324945
325002
325029
325091
325282
325369
325377
325432
325502
325570
325591
325658
325665
325809
325826
326009
326124
326196
326236
326416
326454
326506
326666
327011
327130
327322
327324
327345
327363
327640
328177
328192
328251
328352
328359
328523
328644
328665
328702
328766
328975
329069
329141
329368
329413
329509
329586
329778
329880
329883
330006
330313
330415
330434
330463
330517
330718
330782
330838
330987
331014
331239
331305
331322
331370
331476
331494
331542
331616
331622
331832
331840
331933
332062
332224
332227
332335
332390
332424
332694
332769
333072
333125
333149
333189
333208
333262
333313
333379
333589
333637
333642
333671
334060
334114
334455
334519
334531
334592
334721
334747
334765
334877
334910
335117
335158
335185
335218
335323
335343
335352
335396
335519
335563
335834
335912
335939
336246
336294
336354
336435
336455
336520
336562
337010
337310
337323
337373
337374
337444
337480
337490
337573
337597
337607
337722
337777
338139
338158
338173
338237
338370
338405
338520
338636
338693
338721
338787
338923
338975
339084
339218
339234
339409
339411
339894
340114
340202
340285
340350
340375
340421
340511
340596
340883
340911
340991
341054
341061
341149
341246
341282
341374
341475
341994
342050
342274
342367
342394
342402
342650
342689
342851
342904
343037
343053
343071
343124
343186
343255
343348
343468
343472
343484
343571
343626
343666
343709
343711
343830
343907
343912
343986
344067
344263
344395
344415
344798
345235
345254
345369
345573
345602
345603
345632
345742
345829
345864
345873
345894
345925
345960
346074
346225
346311
346462
346487
346515
346531
346629
346666
346791
346872
346931
346951
347100
347135
347152
347194
347263
347328
347529
347623
347662
347722
347889
347921
348214
348335
348406
348408
348670
348747
348760
348910
348943
349075
349128
349315
349605
349756
350133
350365
350573
350609
350730
350749
350880
351186
351515
351575
351623
351648
351698
351991
352296
352567
352595
352660
352902
352975
353371
353533
353659
353675
353788
353821
353930
354025
354050
354158
354224
354523
354572
354591
354637
354683
354695
354737
354850
354888
355093
355192
355296
355423
355680
355700
355743
355916
355928
355967
356012
356035
356043
356474
356506
356521
356611
356612
356614
356747
356828
357152
357248
357344
357367
357459
357499
357834
357919
358057
358180
358200
358297
358324
358393
358394
358401
358422
358470
358494
358523
358635
358663
358710
358738
358838
358896
358958
358986
359156
359209
359262
359289
359437
359442
359448
359535
359586
359930
359964
359988
360222
360231
360425
360445
360462
360487
360521
360541
360730
360747
360897
360990
361176
361717
361889
361908
362063
362124
362248
362287
362377
362475
362552
362590
362641
362804
363159
363164
363269
363383
363505
363623
363882
364110
364128
364157
364259
364307
364437
364515
364615
364635
364639
364706
364717
364723
365045
365144
365321
365512
365544
365684
365780
365845
366151
366178
366445
366493
366725
366728
366869
367022
367044
367127
367207
367337
367575
367592
367678
367680
367846
367855
367996
368116
368224
368398
368401
368642
368720
368824
368880
368891
369001
369041
369080
369401
369443
369564
369922
369967
370015
370131
370286
370537
370554
370554
370566
370568
370740
370872
371123
371154
371201
371304
371376
371503
371912
371943
371978
372057
372173
372266
372316
372323
372582
372594
372675
372713
372735
373152
373266
373266
373352
373402
373573
373878
373891
373892
374211
374246
374560
374618
374812
374860
374951
374965
374976
375226
375281
375309
375403
375476
375642
375728
375786
375925
375944
376110
376372
376466
376514
376646
376794
376815
376843
376848
377222
377224
377330
377492
377625
377743
378025
378037
378142
378148
378246
378254
378436
378483
378493
378502
378958
379026
379086
379093
379151
379160
379201
379227
379309
379498
379694
379740
379883
379971
380031
380126
380266
380401
380450
380465
380815
381080
381153
381159
381240
381270
381272
381335
381506
381540
381618
381682
381701
381708
381759
382097
382171
382290
382308
382503
382518
382596
382625
382963
382993
383026
383031
383188
383288
383332
383448
383453
383456
383838
383841
383843
383987
383988
384133
384223
384370
384395
384427
384782
384783
384863
384945
385033
385512
385620
385827
385985
386012
386048
386115
386137
386184
386185
386216
386257
386297
386382
386386
386425
386774
386832
386984
386993
387062
387094
387119
387196
387233
387328
387365
387492
387928
388041
388118
388292
388502
388514
388551
388578
388897
389115
389258
389398
389463
389675
389837
389837
389849
389888
389925
390112
390152
390175
390197
390261
390343
390346
390359
390518
390647
390703
390715
390718
390768
390771
390959
391009
391035
391055
391075
391200
391248
391465
391791
392249
392278
392345
392557
392593
392609
392693
392760
392761
392794
392844
392864
393032
393036
393073
393089
393141
393236
393283
393349
393565
393619
393741
393860
393904
393947
394118
394237
394355
394598
394718
395113
395171
395185
395192
395288
395322
395332
395336
395545
395660
395685
395891
395926
395929
396222
396268
396340
396343
396367
396676
396828
396941
396975
397064
397080
397101
397256
397360
397455
397500
397776
397890
398205
398292
398519
398538
398752
399240
399440
399517
399549
399697
399719
399735
399921
400123
400181
400228
400410
400456
400555
400603
400650
400701
400743
400765
400871
400889
400912
401295
401340
401422
401434
401555
401867
401976
402027
402182
402443
402496
402597
402685
402830
403077
403105
403191
403221
403386
403456
403653
403712
403760
403802
403916
403946
404042
404119
404150
404324
404390
404435
404455
404566
404578
404622
404829
404865
404994
405189
405275
405325
405435
405441
405448
405585
405731
405751
405770
405773
405839
405959
406277
406327
406378
406636
406812
407022
407067
407078
407186
407186
407205
407273
407298
407373
407569
407883
408256
408523
408589
408700
408842
408909
409157
409541
409788
409866
410349
410462
410471
410568
410643
410777
410901
411217
411287
411485
411526
411592
411608
411861
412418
412550
412713
412739
412750
412791
412972
413018
413044
413068
413179
413183
413196
413404
413873
413939
414055
414070
414408
414553
414568
414665
414742
414820
415081
415101
415120
415205
415235
415303
415406
415608
415946
415952
415974
416059
416069
416150
416295
416302
416304
416316
416343
416383
416416
416500
416657
416851
416888
416929
417012
417036
417311
417317
417319
417365
417408
417523
417528
417541
417543
417867
418172
418280
418318
418416
418565
418636
418857
419092
419291
419310
419370
419399
419513
419609
419707
419836
419885
419998
420099
420954
420989
420990
421030
421341
421343
421564
421721
421792
421795
421963
422071
422225
422411
422443
422533
422633
422907
423100
423261
423313
423436
423725
423800
423835
423944
424007
424080
424095
424138
424184
424379
424381
424385
424446
424558
424558
424648
424800
425081
425097
425269
425344
425350
425538
425545
425615
425820
425980
425983
426285
426472
426760
426806
426900
427279
427676
427840
427980
427998
428072
428137
428284
428687
428847
428863
428933
429164
429234
429275
429314
429508
429676
429846
429935
429975
430113
430368
430420
430440
430575
430580
430709
430806
430910
431006
431025
431140
431172
431242
431254
431618
431776
431806
431847
432007
432164
432180
432199
432212
432296
432309
432403
432528
432563
432576
432654
432696
432737
432779
432826
432999
433273
433287
433487
433674
433678
433752
433932
433956
434203
434274
434305
434371
434381
434463
434475
434502
434596
434605
434617
434711
434753
434911
434955
435016
435103
435105
435135
435272
435458
435588
435605
435804
435969
436072
436187
436240
436504
436666
436851
436862
436937
437051
437064
437227
437248
437301
437424
437460
437555
437577
437805
438080
438294
438303
438312
438398
438419
438461
438516
438583
438615
438637
438939
438942
438954
439041
439052
439067
439199
439236
439249
439279
439346
439637
439676
439862
440224
440261
440506
440513
440516
440695
440741
441042
441043
441108
441345
441442
441490
441547
441577
441796
441822
441941
441949
442046
442055
442196
442394
442670
442705
442722
442803
442931
442978
443021
443035
443125
443198
443199
443325
443426
443498
443511
443663
443766
444377
444379
444578
444833
444871
444872
445016
445215
445461
445474
445513
445645
445749
445755
445763
445870
445876
446067
446086
446103
446191
446209
446214
446290
446685
447108
447143
447321
447403
447554
447565
447567
447627
447673
447721
448185
448341
448416
448501
448525
448634
448662
448821
448920
448938
449019
449074
449166
449255
449568
449572
449594
449640
449749
449791
449798
449856
449877
450066
450172
450189
450335
450345
450522
450537
450594
450781
450937
451035
451048
451102
451194
451245
451405
451412
451420
451487
451510
451548
451708
451771
451939
451945
452026
452067
452111
452571
452658
452743
452867
453143
453192
453390
453455
453486
453564
453658
454013
454098
454114
454145
454247
454266
454349
454441
454532
454535
454627
454992
454997
455071
455143
455174
455219
455236
455642
455842
455872
455967
456017
456078
456094
456106
456164
456230
456331
456340
456341
456641
456664
456673
456966
457042
457100
457170
457207
457276
457638
457726
458129
458256
458269
458330
458615
458636
458660
458751
458764
458872
458884
459125
459130
459184
459190
459351
459659
459667
459680
459807
459891
459963
460043
460163
460404
460429
460529
460726
460808
460846
460855
460877
460909
460927
461009
461066
461090
461213
461239
461286
461388
461402
461540
461743
461773
461785
461938
461952
462024
462081
462312
462373
462610
462709
462880
462881
463022
463297
463310
463351
463395
463455
463490
464000
464038
464105
464317
464349
464561
464634
464652
464663
464705
464731
464979
464980
464997
465141
465206
465367
465371
465415
465623
465646
465821
465849
465851
465873
465921
465953
466073
466133
466175
466324
466401
466847
466917
467007
467120
467124
467196
467215
467314
467428
467512
467561
467625
467704
468014
468258
468391
468447
468508
468523
468714
468751
469305
469363
469450
469464
469486
469798
469807
469835
469851
469896
470035
470111
470160
470409
470471
470504
470528
470551
470592
470731
470743
470778
470786
470884
470976
471005
471014
471118
471333
471370
471694
471885
471895
472082
472084
472347
472573
472806
472949
473088
473114
473322
473390
473435
473448
473490
473718
473821
473962
473998
474433
474528
474725
474762
474773
474929
474978
475081
475255
475296
475305
475627
475790
475792
475945
476121
476607
476644
476645
476702
476879
476885
476886
476976
476982
477014
477454
477623
477653
477687
477702
477722
477879
477883
477918
478008
478011
478175
478568
478900
478953
479008
479178
479214
479231
479315
479691
479884
480032
480079
480109
480229
480370
480565
480750
480765
480983
481032
481128
481409
481533
481816
481857
481948
482068
482395
482531
482884
482914
483030
483053
483126
483261
483273
483829
483863
484018
484054
484252
484319
484597
484626
484819
484879
484991
485079
485083
485087
485187
485467
485903
485918
486052
486071
486111
486337
486415
486464
486505
486521
486607
486754
486824
487001
487109
487583
487674
487960
488087
488153
488228
488261
488362
488406
488673
488685
488728
488830
488873
488941
489056
489263
489446
489497
489516
489731
489744
489776
490166
490291
490434
490524
490562
490603
490675
490685
490723
490786
490794
491023
491159
491232
491265
491280
491378
491611
491622
491684
491728
491875
492024
492206
492294
492316
492342
492425
492466
492554
492953
493006
493507
493683
493720
493828
493968
493974
494180
494284
494501
494601
494617
494653
494700
494746
494782
494853
494921
495205
495256
495331
495410
495427
495433
495608
495636
495783
495826
496014
496074
496084
496132
496216
496253
496440
496551
496567
496613
496656
496723
496745
496820
497219
497446
497555
497802
497866
497953
498098
498112
498123
498150
498159
498194
498279
498651
498702
498768
498836
498920
499252
499391
499543
499666
499699
499904
499978
500012
500188
500307
500336
500352
500454
500494
500541
500695
500722
500861
500917
500923
501157
501275
501362
501421
501741
501872
501887
501902
502049
502182
502364
502476
502483
502569
502590
502590
502607
502767
502870
502885
503078
503132
503134
503203
503280
503416
503529
503646
503835
503909
504105
504133
504212
504304
504471
504475
504502
504572
504667
504988
505006
505140
505207
505346
505403
505449
505524
505571
505637
506278
506302
506333
506365
506377
506552
506637
506966
507318
507608
507776
507808
507970
508101
508270
508394
508428
508491
508576
508667
508895
509011
509127
509143
509508
509610
509628
509710
509720
509741
509787
509962
510002
510020
510070
510152
510226
510226
510232
510281
510292
510319
510344
510356
510364
510579
510584
510795
510837
511263
511411
511414
511452
511807
511855
511938
512019
512277
512518
512794
512852
512910
512963
513023
513026
513131
513148
513260
513404
513479
513634
513727
513882
513993
514047
514234
514317
514353
514368
514404
514460
514495
514499
514549
514563
514767
514793
514811
515221
515223
515231
515378
515460
515553
515716
515719
515819
515902
515938
516020
516022
516033
516176
516323
516335
516797
516854
517005
517018
517028
517135
517146
517275
517301
517542
517675
517805
517866
518093
518106
518251
518264
518447
518568
518961
518980
519167
519204
519229
519502
519654
519662
519673
519711
519905
519968
520203
520275
520318
520332
520363
520375
520386
520510
520568
520750
520912
520985
520996
521078
521162
521167
521299
521347
521408
521445
521466
521573
521739
521773
521773
521831
521945
522104
522114
522264
522378
522566
522746
522858
522889
523213
523216
523234
523259
523290
523660
523670
523772
523815
524025
524129
524178
524213
524274
524300
524328
524427
524480
524675
524793
524851
524926
525058
525100
525175
525219
525283
525469
525479
525502
525697
525894
525945
526000
526285
526329
526507
526592
526646
526797
527146
527261
527289
527366
527487
527866
527908
527967
528110
528274
528430
528515
528612
528805
528929
528932
528969
529026
529158
529219
529257
529274
529301
529560
529577
529837
529892
529999
530010
530019
530077
530115
530211
530600
530899
531094
531171
531291
531514
531688
531713
531869
531900
531953
531953
532050
532053
532066
532236
532258
532346
532348
532533
532784
532790
532800
532937
532984
533268
533328
533336
533361
533543
533550
533780
533781
533838
534175
534313
534359
534437
534448
534451
534492
534512
534688
534805
535212
535224
535248
535299
535338
535381
535428
535568
535587
535643
535653
535884
536153
536170
536238
536386
536459
536496
536496
536616
536684
536698
536850
536946
537099
537099
537110
537160
537203
537220
537277
537338
537583
537594
537682
537707
537896
538048
538122
538413
538499
538705
538722
538732
538810
539066
539202
539303
539307
539325
539343
539441
539611
539727
539818
540029
540067
540186
540221
540225
540414
540427
540792
540867
540987
540987
541228
541329
541422
541453
541637
541719
541990
542159
542210
542382
542477
542618
542696
542903
542951
543292
543354
543406
543438
543476
543502
543507
543650
543899
543990
544236
544342
544568
544767
544767
544770
544806
544831
544843
545170
545274
545346
545509
545641
545738
545863
545870
545880
545907
546076
546093
546126
546182
546325
546353
546668
546718
546727
546742
547128
547161
547220
547269
547365
547368
547529
547582
547592
547610
547692
547708
547893
547925
547967
547977
547979
548044
548053
548232
548268
548312
548368
548370
548428
548560
548600
548678
548731
548759
548776
548837
548902
548962
549112
549187
549191
549268
549614
549652
549809
549982
549993
549999
550104
550373
550592
550799
550967
551037
551126
551169
551206
551212
551248
551253
551256
551434
551463
551483
551529
551790
551815
551927
552018
552222
552624
552691
552730
552742
553066
553085
553092
553094
553099
553300
553324
553368
553585
553623
553660
553852
553856
553873
553886
553957
553987
553997
554084
554257
554415
554425
554644
554686
554780
555003
555034
555109
555122
555603
555816
555824
555858
555870
555882
555906
556074
556080
556084
556246
556272
556377
556386
556643
556652
556793
556836
556841
556970
557132
557142
557149
557161
557167
557190
557210
557262
557443
557607
557607
557703
557706
557714
557761
557787
557889
558139
558332
558351
558411
558430
558448
558530
558655
558695
558827
558978
559024
559059
559155
559269
559374
559469
559684
559685
559822
559963
560117
560415
560494
560542
560597
560726
560747
560878
560886
560999
561323
561348
561515
561773
562051
562107
562150
562283
562373
562723
563012
563300
563570
563824
563853
563901
563985
564174
564183
564301
564374
564425
564446
564495
564639
564897
565173
565197
565312
565357
565372
565454
565479
565571
565707
566060
566078
566238
566251
566570
566675
566745
566760
566781
566847
566872
566878
566915
566962
567013
567086
567108
567210
567238
567311
567386
567467
567622
567640
567711
567771
567871
568133
568139
568177
568225
568334
568365
568505
568552
568653
568791
569060
569309
569339
569411
569424
569437
569660
569670
569745
570033
570093
570414
570421
570532
570901
571022
571106
571126
571198
571430
571432
571647
571679
571695
571865
571915
571944
571984
572055
572205
572210
572317
572443
572470
572725
572872
573006
573041
573050
573225
573320
573325
573447
573517
573713
573871
573964
574146
574255
574356
574395
574396
574400
574533
574577
574659
574663
574741
574763
574784
574795
574837
574883
574957
574976
575289
575525
575570
575623
575880
575906
576192
576221
576381
576387
576479
576549
576555
576696
576716
576732
576918
577018
577081
577157
577237
577249
577407
577425
577440
577469
577565
577606
577639
577910
577940
578028
578223
578586
578694
578705
578706
578730
578738
578792
578907
578981
578998
579100
579121
579166
579263
579279
579458
579470
579471
579857
580049
580071
580217
580222
580241
580436
580457
580478
580481
580535
580575
580593
580690
581039
581177
581204
581255
581277
581331
581337
581611
581816
581872
581890
581946
582116
582126
582200
582328
582512
582600
582694
582708
582726
582996
583072
583073
583106
583168
583624
583898
583967
584163
584458
584493
584667
584865
584870
584965
585119
585195
585290
585320
585351
585834
586052
586347
586355
586445
586524
586586
586690
586800
586831
586962
587151
587166
587644
587710
587737
587754
587956
588211
588261
588347
588362
588377
588744
588850
588901
589041
589079
589082
589240
589265
589297
589449
589472
589481
589561
589654
589796
590056
590187
590273
590400
590493
590526
590554
590565
590565
590616
590653
590696
590839
591226
591228
591228
591599
591879
592093
592196
592246
592287
592389
592396
592412
592580
592585
592652
592723
592957
592984
592998
593029
593091
593320
593397
593430
593441
593487
593552
593652
593688
593704
593753
593821
594175
594249
594256
594290
594310
594313
594365
594535
594609
594661
594819
594887
594935
594953
595109
595128
595155
595182
595339
595468
595538
595543
595666
595805
595966
596036
596391
596402
596444
596480
596629
596646
596699
596986
597019
597206
597208
597354
597428
597455
597575
597578
597586
597682
597712
597757
597845
597897
597936
598050
598237
598478
598561
598625
598783
598798
598814
598818
598845
599013
599037
599074
599320
599465
599492
599634
599729
600031
600095
600161
600281
600395
600484
600616
600720
600815
600871
600876
601019
601241
601300
601333
601429
601625
601677
601751
601808
601885
602095
602165
602201
602240
602539
602558
602600
602697
602735
602956
603053
603062
603100
603145
603179
603217
603432
603524
603573
603580
603620
603705
604110
604236
604280
604564
604635
604675
604681
604725
604753
604803
604851
604881
605079
605112
605119
605124
605399
605431
605456
605645
605884
605918
605926
606011
606032
606207
606207
606362
606609
606635
606811
606891
607203
607211
607268
607760
607782
607846
607894
607921
607929
607949
607984
607993
608149
608154
608313
608930
608957
609022
609039
609042
609181
609329
609489
609764
609793
609902
609945
610196
610265
610287
610315
610376
610676
610688
610858
610906
611079
611136
611142
611300
611313
611388
611428
611494
611578
611636
611753
611885
611923
611938
612002
612207
612390
612436
612523
612739
612809
612844
613169
613191
613274
613357
613369
613429
613430
613547
613604
613619
613634
613700
613792
613793
613857
614261
614325
614401
614410
614418
614480
614600
614606
614609
614950
614953
614998
615185
615196
615208
615216
615387
615497
615505
615517
615644
615786
616033
616113
616132
616260
616275
616444
616712
616857
616870
616894
617215
617335
617347
617373
617396
617549
617564
617594
617659
617975
618005
618033
618212
618403
618600
618846
618988
619122
619219
619274
619282
619322
619354
619583
619653
619675
619702
619883
620032
620113
620608
620623
620644
620647
620788
620896
620957
621023
621058
621098
621102
621230
621353
621354
621368
621504
621583
621610
621668
621714
621716
621746
621836
621850
621868
621962
622120
622199
622270
622278
622517
622719
622755
622944
623083
623147
623207
623343
623347
623484
623718
623780
623801
624205
624294
624385
624470
624474
624728
624778
624980
625168
625176
625190
625473
625515
625560
625614
625664
625774
625815
625905
625940
625981
626558
626658
626948
627301
627320
627392
627420
627506
627628
627705
627778
628168
628216
628264
628410
628500
628532
628541
628621
628659
628665
628729
628776
628776
628815
628880
628950
628968
629101
629172
629232
629244
629324
629326
629359
629387
629408
629511
629614
629702
629792
629825
629954
629961
630115
630181
630327
630734
630796
630823
630825
630864
631012
631022
631065
631127
631303
631310
631312
631369
631403
631412
631512
631776
631838
631857
632031
632116
632140
632218
632240
632439
632715
633314
633451
633609
633635
634179
634289
634360
634381
634448
634530
634563
634693
634904
634938
634946
634978
635104
635118
635196
635220
635237
635308
635403
635439
635790
636320
636856
636885
636952
637083
637219
637282
637364
637376
637441
637596
637703
637891
637894
637941
637982
638248
638300
638307
638437
638446
638507
638510
638550
638646
638825
638914
638934
638988
639165
639171
639320
639338
639477
639754
639820
639921
640077
640143
640257
640508
640619
640622
640708
640836
640858
641186
641531
641534
641548
641564
641705
641843
641900
641938
642017
642098
642102
642344
642357
642408
642648
642756
642827
642897
643184
643235
643288
643361
643544
643759
643779
643932
643976
644193
644220
644260
644317
644379
644561
644567
644705
644729
644861
645006
645085
645237
645301
645431
645486
645545
645704
645713
646051
646098
646185
646185
646328
646470
646580
646804
646911
647002
647093
647275
647277
647552
647722
647772
648116
648120
648138
648350
648450
648550
648570
648571
648727
648801
649181
649241
649243
649341
649382
649618
649761
649781
649946
649993
650102
650158
650214
650272
650451
650697
650804
651006
651186
651308
651327
651536
651557
651955
652113
652113
652206
652456
652679
652733
652855
652940
653025
653159
653221
653271
653332
653375
653392
653528
653828
653840
653920
653931
653977
654078
654121
654224
654234
654285
654359
654372
654411
654511
654560
654561
654812
654982
655017
655053
655076
655412
655448
656064
656166
656252
656283
656637
656946
656982
657028
657112
657132
657143
657331
657447
657489
657824
657887
657961
657962
658002
658070
658159
658189
658204
658255
658402
658601
658685
658866
659061
659090
659133
659162
659301
659369
659425
659434
659441
659473
659584
659643
659676
659825
659995
660038
660246
660528
660678
660699
660722
661187
661315
661329
661483
661798
661904
662057
662067
662333
662517
662537
662594
662697
662803
662832
663052
663068
663118
663155
663224
663384
663445
663872
663880
663884
663917
664038
664190
664238
664340
664461
664465
664662
664690
664760
664839
664860
664963
665039
665104
665123
665149
665240
665295
665325
665939
666039
666287
666363
666475
666657
666797
666971
666982
667007
667034
667262
667477
667547
667718
667748
667874
668089
668205
668229
668453
668594
668940
669075
669097
669228
669451
669517
669555
669697
669756
669779
669825
669871
669917
670004
670483
670659
670723
670949
670952
670958
670979
671203
671214
671432
671535
671542
671549
671573
671589
671592
671698
671698
671908
671946
672309
672350
672594
672634
672679
672849
673062
673239
673346
673473
673552
673590
673855
674038
674096
674265
674290
674613
674614
674799
674999
675075
675097
675183
675186
675283
675305
675322
675371
675577
675583
675618
675627
675734
675868
675939
676060
676177
676271
676284
676299
676352
676488
676514
676529
676532
676717
676733
676806
676817
676887
677022
677043
677087
677197
677215
677499
677703
678106
678129
678272
678456
678482
678517
678666
678666
678688
678694
678814
678841
678850
679076
679150
679323
679328
679401
679529
679548
679588
679691
679691
679788
679892
679946
680120
680164
680164
680404
680508
680533
680738
680776
680786
680833
680843
680859
680903
680929
681016
681056
681116
681212
681235
681335
681348
681544
681551
681554
681626
681681
681710
681969
681983
682087
682243
682266
682471
682614
682642
682718
682730
682751
682785
682889
683042
683151
683457
683730
683780
684018
684293
684364
684500
684502
684548
684623
684653
684660
684671
684728
684742
684997
685024
685087
685263
685265
685294
685525
685609
685678
685708
685763
685799
685900
686170
686210
686348
686446
686458
686472
686565
686595
686623
686758
686897
687024
687123
687147
687383
687414
687421
687490
687605
687662
688270
688276
688422
688507
688659
688680
689123
689321
689421
689527
689648
689655
689676
689710
689880
690072
690073
690138
690144
690187
690194
690236
690274
690490
690490
690565
690770
690870
691057
691106
691338
691339
691458
691506
691586
691820
691896
691932
691970
691979
692002
692010
692282
692301
692391
692589
692598
692755
692910
692940
692952
693010
693088
693089
693191
693350
693373
693445
693579
693689
693701
693707
693773
693997
694033
694121
694176
694299
694308
694318
694331
694390
694535
694699
694740
694857
694869
694949
695072
695289
695363
695481
695644
695892
695952
696009
696067
696181
697232
697253
697314
697341
697729
697753
698074
698141
698446
698607
698763
698810
698834
698840
699103
699216
699277
699408
699603
699618
699651
699651
699778
699803
699831
699855
699879
699950
700024
700159
700386
700544
700565
700658
700740
700743
700763
700794
700803
700864
701101
701197
701204
701370
701479
701651
701665
701771
701772
701800
701807
702026
702037
702135
702168
702278
702330
702516
702730
702807
702879
703057
703077
703134
703147
703161
703176
703253
703290
703323
703472
703816
704160
704221
704229
704472
704512
705179
705364
705459
705596
705665
705759
705834
705977
706024
706071
706427
706519
706734
706784
706850
706935
706986
707022
707190
707227
707373
707407
707477
707509
707661
707747
708083
708144
708187
708303
708324
708421
708572
708682
708726
708799
708958
709028
709085
709275
709313
709754
710013
710031
710078
710080
710191
710259
710570
710814
710826
711088
711109
711228
711442
711489
711699
711773
711780
711941
712018
712086
712245
712406
712476
712573
712665
712734
712787
712829
712867
712921
712943
713220
713252
713307
713478
713686
713698
713721
713753
713812
713927
713939
713972
714082
714093
714163
714478
714529
714615
714618
714621
714646
714708
714818
714936
715061
715090
715100
715102
715187
715377
715734
715748
715926
716165
716186
716247
716863
716964
717045
717152
717194
717231
717284
717346
717354
717420
717583
717656
717780
717789
717891
718087
718213
718225
718406
718455
718463
718594
718741
718794
719026
719094
719142
719152
719157
719284
719471
719504
719579
719592
719668
719889
719903
719906
719997
720227
720313
720333
720475
720519
720541
720542
720555
720705
721107
721112
721211
721348
721361
721381
721523
721567
721587
721598
721788
721839
721997
722059
722086
722100
722112
722213
722225
722414
722424
722451
722646
722649
722712
722714
722778
722789
722848
722993
723089
723092
723172
723260
723660
723706
723780
723877
724007
724028
724145
724167
724247
724265
724430
724505
724677
724850
725331
725445
725490
725589
725604
725689
725703
725839
725872
725927
726082
726276
726365
726510
726532
726584
726653
726820
726823
726831
726922
726956
727091
727230
727250
727367
727492
727509
727595
727623
727809
727834
727966
727997
728275
728513
728589
728784
728875
729043
729114
729152
729254
729332
729395
729477
729774
729861
729872
729962
730048
730217
730473
730827
730873
731098
731277
731355
731555
731912
732001
732023
732138
732189
732205
732483
732491
732646
732718
732779
732818
732872
732891
732899
732901
733054
733354
733358
733410
733431
733440
733478
733654
733780
733791
734184
734274
734370
734512
734915
734972
735011
735056
735150
735151
735259
735340
735682
735754
735775
735780
736097
736424
736442
736542
736614
736703
736969
737093
737112
737204
737220
737547
737550
737752
737842
737860
737884
738048
738271
738378
738445
738729
738738
738747
738753
738807
738966
739144
739162
739237
739449
739625
739668
739695
739979
740022
740068
740072
740146
740264
740577
740681
740750
740778
740821
740948
741018
741049
741323
741386
741580
741677
741884
741955
742209
742227
742316
742328
742369
742379
742446
742457
742526
742745
743002
743343
743419
743516
743647
743666
743788
743859
743923
744072
744175
744378
744585
744650
744781
744903
744980
745180
745194
745275
745380
745404
745477
745487
745553
745567
745698
745835
745906
746042
746058
746212
746236
746287
746479
746557
746781
746799
746882
746941
746987
747250
747371
747498
747560
747562
747677
747687
747691
747808
747835
747924
747951
747960
748118
748145
748254
748274
748417
748500
748591
748594
748718
748784
748830
748877
748901
748944
749048
749085
749101
749140
749193
749196
749410
749418
749532
749545
749665
749742
750018
750299
750310
750498
750502
750619
750768
750791
750814
750964
751129
751136
751211
751288
751309
751503
751636
751739
751759
751775
751808
751827
752013
752034
752068
752141
752349
752434
752504
752607
752727
752731
752788
752861
752871
752953
752969
753115
753382
753430
753436
753436
753828
753845
753874
754013
754173
754409
754462
754595
754689
754780
754781
755028
755142
755148
755162
755240
755269
755357
755600
755986
756216
756296
756303
756426
756444
756524
756610
756613
756653
756783
756824
756902
757094
757174
757183
757358
757465
757565
757765
757850
758001
758083
758138
758141
758170
758276
758296
758358
758577
758612
758849
758912
759029
759340
759943
759945
759980
760030
760113
760328
760381
760422
760579
760714
761039
761088
761441
761475
761742
761921
761928
761974
761978
762168
762451
762461
762823
762876
762888
762926
763106
763170
763438
763567
763695
763797
763810
763941
764098
764152
764274
764370
764499
764529
764675
764822
764924
765107
765469
765504
765545
765669
765687
765978
766070
766078
766114
766167
766282
766317
766478
766548
766550
766680
766885
766907
766960
767233
767285
767436
767467
767613
767688
767799
767802
767844
767884
768009
768161
768510
768517
768678
768955
769058
769125
769173
769303
769559
769724
769854
769869
769968
769986
770220
770582
770665
770744
770791
770862
770924
770960
771009
771081
771089
771096
771304
771395
771426
771430
771566
771712
771761
771818
771823
771893
771914
771918
771961
771965
772062
772315
772425
772524
772888
773247
773347
773400
773427
773504
773578
773659
773674
773866
773869
773892
774093
774107
774288
774355
774361
774472
774927
774942
774951
775042
775113
775371
775381
775404
775489
775774
775839
775896
775913
775950
776025
776062
776088
776094
776285
776428
776469
776491
776526
776651
776712
776729
777064
777179
777273
777311
777343
777473
777547
777738
777758
777775
777870
778011
778154
778201
778227
778236
778382
778717
778890
779041
779246
779275
779344
779363
779467
779555
779666
779738
779752
779824
779885
780092
780156
780170
780184
780220
780417
780448
780562
780591
780675
780719
780846
780855
780990
781016
781379
781509
781589
781760
781850
782115
782167
782400
782433
782466
782522
782558
782559
782615
782702
783098
783167
783206
783301
783396
783479
783488
783865
783962
784000
784310
784396
784581
784766
784852
784864
784920
785360
785534
785584
785588
785687
785695
785740
785758
785853
785887
786356
786403
786587
786627
786649
786693
786740
787382
787418
787475
787484
787576
787787
787870
787899
788185
788207
788238
788286
788300
788300
788696
788842
788865
788903
788957
788963
789023
789289
789359
789438
789516
789637
789747
789761
789920
789949
789998
790055
790058
790230
790314
790514
790516
790619
790630
790649
790780
790942
791021
791229
791317
791363
791370
791389
791580
791596
791655
791720
791786
791795
791857
792040
792160
792274
792331
792398
792459
792589
792639
792704
792749
792879
792901
792994
793147
793227
793323
793345
793372
793395
793445
793642
793764
793795
793800
793888
793950
793970
793994
794125
794202
794233
794244
794254
794403
794422
794484
794484
794599
794624
794696
794788
794919
795245
795337
795379
795422
795667
795678
795737
795869
795912
795915
796171
796184
796213
796297
796407
796533
796622
796649
796704
796771
796809
796819
797029
797061
797109
797119
797186
797245
797395
797473
797589
797620
797755
797868
797978
798021
798043
798292
798439
798491
798495
798519
798698
798723
798746
798987
799010
799081
799244
799442
799478
799495
799526
799822
800178
800257
800307
800368
800403
800466
800472
800550
800688
800758
800860
801100
801256
801267
801483
801521
801595
801672
801755
801824
801918
801922
801958
802051
802415
802430
802688
802888
803069
803074
803295
803397
803548
803581
803726
804004
804248
804308
804407
804429
804710
804809
804841
804874
804972
805134
805202
805285
805295
805328
805559
805626
805663
805736
805887
806198
806584
806696
806713
806981
806992
807008
807074
807404
807455
807476
807501
807529
807615
807640
807797
807874
807909
807989
808163
808212
808526
808672
808676
808787
808793
808868
808907
808955
808992
809159
809191
809299
809600
809941
810058
810085
810223
810237
810384
810502
810695
810785
810868
810900
810910
810946
811024
811066
811204
811284
811367
811494
811878
811915
812557
812603
812605
812611
812670
812752
812809
812818
812834
812839
813087
813344
813358
813543
813546
813646
813651
813701
813777
813869
813974
814155
814178
814435
814524
814619
814627
814723
814858
815107
815250
815256
815276
815473
815587
815664
815921
815969
815990
816155
816256
816326
816361
816637
816658
816816
816923
816997
817016
817020
817231
817248
817431
817451
817697
817728
818129
818176
818237
818244
818258
818325
818435
818480
818499
818507
818607
818650
818724
818845
818943
819123
819214
819368
819453
819479
819726
819859
819899
819967
819983
819995
820026
820066
820317
820432
820447
820527
820580
820612
820978
820985
821061
821159
821232
821246
821304
821309
821319
821405
821606
821758
822362
822379
822396
822540
823209
823214
823367
823399
823657
823676
823945
823976
824005
824021
824050
824067
824126
824157
824699
824701
824835
824981
825048
825175
825267
825306
825389
825411
825568
825669
825841
825887
826041
826136
826151
826174
826360
826373
826478
826492
826546
826753
826772
826958
826958
826989
827122
827268
827285
827327
827460
827550
827771
827785
827826
827977
828053
828069
828256
828332
828363
828426
828578
828686
828793
828937
828940
829004
829223
829367
829467
829610
829653
829796
829803
830016
830108
830244
830257
830313
830444
830457
830473
830495
830526
830580
830743
830918
831153
831237
831247
831323
831332
831441
831444
831712
831799
831846
831853
831893
831914
831983
832261
832263
832431
832706
832759
832792
832892
832899
832937
833087
833165
833331
833388
833469
833493
833823
833884
833886
834112
834237
834256
834293
834485
834564
834591
834598
834828
834904
834954
835118
835133
835194
835362
835436
835469
835643
835820
835861
836061
836107
836219
836287
836527
836589
836605
836730
836965
837074
837305
837383
837401
837411
837426
837530
837560
837609
837640
837914
838044
838148
838299
838400
838427
838475
838481
838560
838677
838784
838800
839193
839614
839642
839703
839888
840145
840148
840170
840219
840255
840265
840290
840313
840417
840505
840547
840691
840693
840975
841025
841102
841237
841260
841336
841380
841530
841557
841649
841737
841855
841857
841922
842008
842132
842962
842972
843001
843584
843637
843817
843881
843904
844061
844192
844316
844566
844592
844602
844743
844812
844848
845066
845074
845195
845218
845247
845334
845337
845478
845517
845559
845793
846185
846285
846359
846426
846487
846713
846790
846850
846954
847153
847264
847475
847649
847689
847758
847815
847978
848009
848019
848034
848058
848125
848535
848543
848733
848786
848800
848832
848985
849008
849297
849518
850132
850159
850320
850331
850352
850427
850532
850562
850613
850807
850931
851219
851248
851283
851284
851293
851374
851392
851435
851638
851768
852293
852448
852479
852685
852753
852820
853117
853131
853164
853297
853417
853475
853616
853737
853787
853822
854059
854414
854472
854533
854637
854814
854843
854882
855073
855272
855315
855362
855425
855427
855582
855757
855850
855917
855945
856097
856173
856211
856404
856598
856627
856861
856870
856900
856921
856936
857045
857156
857311
857337
857494
857524
857576
857579
857692
857762
857868
857917
857938
857949
858006
858048
858205
858725
858799
858853
859005
859012
859049
859090
859303
859486
859721
859729
859819
859848
859895
860231
860280
860319
860416
860501
860792
860902
860982
861014
861107
861212
861316
861744
862022
862091
862164
862196
862205
862354
862388
862604
862667
863185
863255
863272
863361
863538
863636
863858
863888
864024
864149
864438
864796
864872
864954
865016
865122
865455
865512
865607
865713
865718
865821
865824
865919
865983
866003
866039
866133
866192
866324
866456
866474
866774
866850
866867
866960
867103
867115
867262
867680
867833
867953
868071
868075
868237
868343
868433
868652
868980
869028
869128
869214
869256
869272
869289
869465
869524
869530
869543
869606
869623
869709
869786
869900
869996
870021
870137
870189
870229
870422
870443
870520
870541
870561
870700
870855
870883
870925
871070
871088
871299
871425
871456
871572
871612
871662
871898
872080
872098
872179
872219
872443
872447
872485
872502
872607
872798
872799
872881
872910
872998
873005
873063
873096
873121
873155
873230
873246
873261
873368
873516
873540
873621
873671
873680
873883
873971
874112
874149
874191
874204
874302
874332
874365
874486
874493
874562
874657
874926
875015
875030
875226
875241
875285
875397
875657
875881
875953
876310
876473
876660
876882
877090
877121
877204
877257
877334
877392
877474
877530
877617
877636
877753
877821
877858
877950
877979
878034
878046
878295
878450
878591
878979
879083
879130
879434
879452
879594
879633
879892
880021
880118
880236
880321
880829
880832
880859
881274
881464
881509
881603
881834
881890
881948
881969
882018
882064
882131
882281
882370
882387
882394
882608
882796
882801
882863
883021
883090
883314
883440
883500
883550
883571
883578
883717
883990
884268
884468
884514
884615
884741
884820
884929
885192
885259
885317
885404
885483
885508
885595
885732
885737
885820
885873
885914
886049
886245
886524
886626
886647
886708
886736
886753
886775
886784
886852
886924
886993
887005
887048
887086
887121
887156
887286
887493
887731
887868
887896
888152
888158
888193
888227
888337
888455
888512
888704
888985
889090
889108
889301
889421
889519
889652
889709
889853
889926
890109
890192
890235
890283
890345
890401
890790
890818
890894
890907
890907
891101
891436
891750
891875
891965
892018
892161
892170
892327
892600
892786
892832
892903
893050
893121
893160
893252
893278
893288
893319
893509
893552
893592
893606
893717
893741
893928
893957
894386
894549
894584
894600
894687
894704
894920
894947
894954
895109
895187
895210
895230
895272
895323
895463
895497
895695
895749
895884
895964
895998
896103
896192
896211
896276
896329
896361
896362
896722
896825
896883
896940
896982
896998
897042
897119
897169
897187
897242
897294
897445
897626
897646
897801
897953
898008
898033
898062
898143
898191
898269
898388
898489
898540
898599
898638
898655
898659
898942
898980
898982
898985
899094
899103
899251
899254
899275
899380
899381
899393
899394
899488
899562
899705
899815
899929
899953
900091
900097
900244
900302
900315
900473
900518
900595
900641
900841
901076
901182
901236
901279
901337
901512
901625
901705
901869
902153
902230
902244
902300
902317
902388
902505
902549
902610
902628
902668
902690
902767
902791
902993
903102
903320
903630
903665
903678
903716
903752
904078
904112
904115
904143
904260
904469
904568
904814
904938
904966
904970
905058
905189
905256
905261
905541
905597
905670
905802
905923
906070
906132
906158
906235
906556
906732
906960
906989
907245
907301
907357
907411
907565
907608
907927
907957
908060
908250
908388
908412
908475
908644
908726
909009
909021
909085
909354
909508
909530
909609
910079
910195
910215
910225
910508
910655
910682
910683
910706
910737
910788
910993
911038
911102
911273
911286
911520
911593
911611
911709
911814
911883
912145
912263
912291
912446
912498
912570
912605
912696
912769
912788
912881
912888
913038
913226
913227
913345
913402
913503
913572
913602
913637
913642
913741
913819
913903
913927
914088
914245
914287
914307
914329
914363
914558
914681
914763
915152
915177
915269
915359
915397
915401
915434
915492
915517
915604
915835
915939
916146
916162
916207
916219
916259
916292
916366
916633
916639
916643
916681
916682
916720
916728
917043
917106
917131
917149
917220
917267
917294
917301
917304
917324
917342
917347
917376
917410
917430
917624
917658
917720
917760
917861
918159
918165
918177
918200
918225
918369
918693
918752
918994
919010
919011
919186
919300
919334
919339
919400
919425
919432
919666
919702
919800
919821
919823
919993
920084
920322
920332
920336
920373
920388
920837
920925
920942
921057
921126
921367
921443
921446
921726
922207
922377
922457
922775
923064
923218
923492
923646
923806
923825
923877
923978
924040
924080
924120
924128
924245
924316
924361
924397
924452
924616
924718
924718
924733
924762
924819
924848
925192
925327
925331
925411
925421
925789
925851
925899
925937
926367
926378
926402
926460
926499
926519
926521
926538
926570
926671
926677
926788
926973
927031
927053
927159
927296
927637
927910
927983
928133
928155
928181
928216
928251
928279
928279
928532
928583
928641
928737
928808
928827
928887
928932
929193
929304
929308
929317
929358
929378
929566
929574
929584
929626
929665
929730
929914
930023
930092
930197
930227
930258
930259
930291
930416
930450
930456
930680
930746
930782
930813
930883
931015
931092
931195
931344
931470
931699
931706
931756
932108
932262
932326
932344
932375
932401
932479
932490
932580
932592
932768
932906
932930
933110
933159
933381
933438
933462
933465
933472
933489
933534
933559
933667
933883
934183
934184
934220
934320
934413
934438
934625
934630
934784
934843
934852
934870
935080
935109
935170
935387
935582
935976
936373
936494
936817
936827
937194
937194
937230
937233
937244
937322
937340
937591
937621
937854
937915
938058
938124
938129
938149
938218
938257
938284
938350
938465
938528
938634
938798
938812
938813
938884
938940
939029
939078
939230
939251
939265
939358
939675
939696
939719
939755
939810
939871
940047
940121
940166
940379
940455
940659
940824
940883
940903
940951
941014
941138
941224
941405
941482
941537
941556
941632
941675
941781
941903
942074
942094
942135
942149
942225
942339
942387
942453
942455
942488
942643
942966
942968
943037
943039
943053
943074
943104
943310
943471
943472
943590
943749
944048
944331
944333
944336
944381
944446
944776
944879
945170
945182
945222
945303
945351
945490
945506
945526
945925
945929
945969
945991
946411
946759
946818
946864
946945
947047
947096
947131
947158
947162
947252
947256
947374
947488
947500
947519
947522
947543
947627
947825
947909
948056
948067
948070
948159
948275
948418
948457
948587
948779
948860
948900
948968
949115
949291
949433
949436
949460
949469
949622
949701
949726
949763
949847
950220
950246
950251
950290
950296
950317
950351
950359
950413
950831
950860
950905
951027
951060
951089
951205
951247
951247
951329
951393
951500
951556
951861
951889
952003
952015
952143
952275
952358
952449
952508
952540
952549
952703
952829
953096
953109
953113
953349
953468
953531
953557
953928
954026
954064
954176
954193
954230
954548
954561
954565
954631
954750
954760
955046
955074
955154
955163
955184
955506
955510
955575
955596
955684
955717
955766
955808
956197
956232
956367
956424
956446
956452
956555
956605
956814
956900
956971
956980
956991
957262
957312
957639
957678
958062
958091
958120
958228
958246
958259
958340
958522
958561
958582
958660
958830
958834
958859
959015
959091
959126
959147
959357
959514
959522
959671
959673
959680
959851
959858
959999
960032
960104
960172
960503
960515
960540
960623
960680
960707
960766
960887
961157
961163
961257
961320
961362
961536
961622
961879
962034
962046
962063
962063
962069
962245
962250
962306
962322
962347
962647
962659
962787
963057
963102
963182
963184
963285
963349
963354
963372
963391
963615
963618
963658
963683
963746
963776
963912
963990
964044
964087
964119
964146
964179
964220
964249
964317
964345
964359
964369
964393
964541
964561
964569
964575
964583
964625
964749
964763
964779
965084
965317
965402
965429
965469
965501
965518
965757
965926
966122
966162
966211
966221
966424
966437
966659
966668
966802
966803
967088
967114
967166
967239
967267
967427
967651
967745
967746
967819
967882
967950
967970
968106
968236
968290
968329
968483
968803
968836
968962
969063
969081
969299
969332
969347
969445
969520
969524
969546
969598
969610
969698
969770
969851
970002
970127
970151
970240
970250
970462
970519
970523
970537
970591
970692
970912
970921
971053
971257
971386
971493
971648
971800
971925
971999
972308
972352
972355
972363
972685
972706
972726
972748
972799
972876
972935
973322
973889
973942
974121
974140
974191
974369
974705
974709
974713
974733
974912
975031
975095
975228
975430
975431
975706
975739
975842
976143
976313
976330
976372
976597
976647
976684
977025
977028
977189
977288
977292
977339
977354
977372
977373
977481
977485
977515
977727
977926
978289
978593
978630
978717
979203
979280
979320
979458
979476
979651
979726
979771
979960
980041
980129
980210
980431
980434
980509
980521
980883
980889
980911
980987
981029
981044
981114
981546
981574
981620
981829
981835
981891
981934
982003
982053
982068
982173
982277
982299
982344
982484
982521
982703
982775
982778
983011
983248
983301
983494
983497
983565
983628
983829
983939
983985
984017
984155
984390
984398
984530
984546
984714
984745
984812
984846
984919
984952
984998
985085
985089
985092
985289
985603
985749
985798
986030
986102
986172
986230
986264
986377
986586
986660
986690
986701
986708
986764
986822
986896
987310
987332
987434
987701
987765
987803
987848
987931
987988
988186
988237
988280
988392
988453
988620
988767
988935
989047
989127
989158
989376
989378
989383
989645
989900
989915
989917
989997
990244
990445
990648
990692
990713
990732
991010
991177
991356
991362
991416
991664
991888
992078
992108
992124
992366
992528
992557
992635
992953
993054
993179
993194
993259
993370
993528
993547
993706
993742
993838
993864
994235
994439
994962
995049
995381
995404
995685
995737
995787
996041
996065
996244
996369
996416
996529
996620
996799
996870
996878
996892
996971
997099
997151
997187
997534
997543
997594
997742
997772
997816
997821
997847
997860
997903
997916
998110
998402
998483
998536
998622
998745
998813
998827
998830
998865
999011
999031
999066
999096
999106
999214
999274
999311
999334
999514
999544
999555
999641
999664
999790
999939
