100
424949
301998
983671
456832
822075
328928
268839
667842
219410
313694
330166
671851
215309
316380
430967
314195
314593
654693
770586
271558
791304
896218
254245
163805
311286
903091
930127
768020
953518
452878
221197
378467
754876
204868
351651
576952
533797
620491
761146
753207
450537
91312
425058
665847
924044
372377
980042
238637
543422
266980
26547
334726
679551
280793
14884
990837
700236
461363
275210
653754
914241
496407
548574
185469
701276
416577
762421
751425
553420
523568
20984
3958
131232
962394
186157
55277
334772
682551
810266
878194
949532
836814
729273
629083
633959
260509
136272
850547
721872
411482
504301
152465
907890
569227
337934
125518
985805
616708
876943
539225
