10000
542316
43360
176160
976922
851334
924144
935413
740468
506631
459285
795269
173498
1709
177848
452351
118319
347182
625316
145070
605948
626370
119289
165162
744756
564400
665285
810040
590018
348823
145877
949008
407492
189238
641520
384414
40572
82016
836179
297392
588647
811816
609014
762146
329877
786862
214497
448196
650396
356166
109618
256344
982536
228907
421506
243645
309660
603143
53685
416030
468318
715915
365038
875810
905153
6559
260224
462077
604927
612755
759470
193575
424571
368484
472073
754448
671698
686570
718996
322094
559088
828614
94790
57977
573874
32648
301622
883534
152143
871659
815916
620461
587574
180954
496272
9079
703865
272848
471157
308793
885604
746979
18720
310175
115463
490793
580976
787161
693715
299972
625607
252804
128587
236749
827133
218813
269397
128755
618699
421540
516766
434615
558353
104341
615569
54625
629772
835787
327474
617281
660932
729430
364260
679652
555957
479723
170445
136933
783236
380512
953258
925195
633316
598197
161944
976801
817010
947693
105556
435709
885585
622323
870324
443939
243016
2245
14916
389140
838032
858742
6422
498964
588172
370682
694968
660482
366758
381765
313767
149994
762278
267025
591542
911946
381574
753486
888748
198584
217532
994304
150645
103117
132979
537321
63408
892347
539567
78325
281488
893951
937067
287910
909268
41592
174944
604236
702074
541702
986002
15841
208049
748280
799219
799591
660226
180793
69429
548974
895730
286961
59631
562727
390079
708962
100049
969839
601310
639616
48164
399150
49919
501584
203412
959187
543176
378356
79776
245250
436411
65778
777443
644460
330410
93014
444051
990636
790160
29832
55963
202242
316794
631946
764969
223225
340908
865018
193064
458570
20986
757581
374072
587258
259165
577484
546445
802341
472193
626221
563943
908604
208351
857738
69416
538761
950753
29819
45750
257265
59651
618065
459507
376445
250011
740828
116022
107271
605847
825439
82194
143185
583020
456266
730443
842185
33751
793241
160878
505944
935814
724821
930900
660518
98911
316
199279
49664
30135
761381
823281
89786
895798
282788
982584
145809
23617
98606
769433
145816
924045
851627
805353
23417
307893
52149
865602
857996
845390
26480
880292
297556
267653
811192
958074
366565
327860
673706
932581
357995
435087
755863
964134
330886
555003
946718
993047
94972
561676
278832
240788
2074
130459
562494
25491
954705
614643
407446
329053
460033
950278
209346
273941
217932
536890
232016
100849
864751
905722
33430
739098
857161
305645
703232
704399
860649
166302
213799
471973
244331
492631
712762
246405
139443
791608
271896
610500
406251
195694
939553
382636
145973
148899
656577
880257
202142
888593
981106
66893
310667
530888
805991
167829
352886
25576
872228
213535
191878
602379
201860
436209
95011
430974
198966
750806
222582
987215
361306
628833
182909
300859
11469
328882
966111
184399
209139
168253
589344
706597
751498
900012
237486
557489
584193
590372
99417
972773
320259
807648
575153
522119
243857
186516
953094
959176
937322
175676
946391
298628
320862
129300
115839
848683
974535
81950
33082
183674
766555
622427
406624
518053
38791
644110
591895
622984
750834
691312
595757
587445
498960
687262
109564
259170
873778
579010
218346
811100
271039
164737
626080
591901
810389
741920
956936
784924
823870
990019
484951
106778
128798
891575
624831
167589
52037
216726
306925
802871
908039
902682
390316
406999
589945
16232
666169
980075
111595
884515
791176
382634
565604
417256
490887
375994
159176
447823
160918
499399
954194
645869
606177
82992
537444
747360
766933
589481
964087
73858
908704
872126
492893
815372
795477
599190
831605
977999
579265
943200
378866
370441
842186
944471
304050
333073
320465
979578
297248
997735
478977
251443
159957
601506
850787
697401
348867
617721
803235
829306
207931
228291
701432
700824
43664
13261
816366
875269
991260
395632
334821
370127
282425
177007
830950
586475
26432
151415
82406
323680
665502
77735
91475
825459
679242
942263
39213
544461
76336
358800
373767
800619
587091
591551
501444
630755
604812
317810
22376
112425
229794
357197
482552
512220
50556
829854
615047
76988
497621
697453
917021
163123
775189
8496
988583
970783
467111
544148
31596
543447
902948
405363
344067
490039
513266
361863
637147
634430
196025
659523
746855
425820
533073
745759
454392
583629
575613
585791
660618
73234
799597
93991
236358
91138
102487
741293
578273
569599
285441
609869
629398
704741
531584
489817
194780
44850
368032
831927
679280
564058
7803
942488
506230
540876
688247
476974
124505
263861
579117
301475
853447
378714
395466
606157
986204
14306
347450
564477
100257
149243
174346
246007
853984
705930
735825
565117
267132
103857
913396
462765
184267
437551
405253
206849
978427
93500
683823
102933
873713
779293
920760
727161
158007
832579
333318
144212
846885
197121
708689
463494
346364
399388
709501
716701
621670
445326
798170
888803
65536
227918
351568
766155
665470
756821
973005
643897
366673
173180
263182
240387
952473
700295
967548
626833
532874
300866
771045
896111
14339
996086
359605
360704
911826
69106
593757
533497
30785
908279
938652
612673
136197
806572
378828
318019
79745
868185
478269
446418
557718
741451
686805
510191
958098
170705
137024
490972
471572
424421
903435
485911
936860
263040
362967
365038
848499
473076
414887
395636
381355
353539
524661
33905
160111
419841
351924
756208
288027
830193
202627
845745
87997
889432
872288
46095
60138
525665
53420
48062
466438
956855
50325
403298
736248
929645
284689
101099
919073
699576
13087
300429
53116
537748
850686
729579
473941
202610
2140
278320
549156
204767
124065
637153
610551
512706
199600
670689
38371
769372
235103
504809
726228
801781
424460
978828
247778
225501
596279
166851
925077
609366
467280
494545
663466
834318
740477
137407
36929
742617
415728
102437
947384
56145
255942
557935
85203
455542
744977
639926
224915
496432
661088
467495
298213
601900
962675
545991
827401
558954
712843
752478
684672
696475
247024
864490
530794
503853
1897
84075
246470
933977
186512
710206
506475
442454
268141
108030
414348
529470
747957
155615
25903
409045
623110
840468
10945
102137
386460
838346
661091
615655
107176
862115
828482
870552
726605
359276
374405
244855
959703
620875
178832
146215
331081
201659
105021
115575
309690
35722
645045
573999
191337
187300
983044
330800
27769
510341
432937
930581
865039
610381
546236
972215
472496
374718
359120
199102
250347
733525
443957
210050
870753
139141
872618
718186
857153
977639
833761
166843
13361
995159
257194
204699
182459
240238
51851
210228
266931
1140
657161
131970
611521
203397
620537
84018
94468
979657
799472
344815
229535
759781
71217
100288
898922
943835
818474
756075
921475
168588
439270
451188
163747
696464
172239
862558
453054
224090
589139
719985
225231
246300
368307
353104
449698
505197
953474
60518
484854
752946
405333
714389
512727
992902
331029
928002
936738
149504
200429
858213
318092
639700
825753
998191
852516
997993
860749
821923
738435
449888
58260
963666
696189
942920
316771
662239
448117
270245
722757
932971
539544
644442
163713
568623
637344
494742
496625
90434
160598
697055
464999
995042
853107
290753
993233
221975
288746
370335
560250
27181
820223
618511
507200
32764
561431
340323
211355
9548
126920
934112
458871
182816
94906
138936
751440
248603
150031
248065
339037
310629
461472
804037
305672
830931
94790
298905
569259
899888
669240
129509
443421
5816
748020
466973
554932
825803
807296
766288
351703
450569
700400
810575
633385
311659
465863
384825
560262
615894
149243
415651
926524
127067
219688
748548
474351
830830
563805
43610
730718
233046
173119
174140
755214
437492
641113
310146
263295
964762
76434
614999
415331
293187
941926
565068
121198
407789
949894
197812
23684
615489
613463
466560
742556
833152
215108
216907
180334
778913
260517
911053
528311
949989
601545
799877
387481
759010
626376
167128
240124
702810
298479
171807
512349
240405
736876
149899
164547
686770
347711
704583
302259
961175
171143
561167
310679
902603
778075
491013
197868
554944
918418
726180
504933
519963
526057
892414
795326
668785
575895
35450
371596
874374
207258
400297
631132
460486
550197
795679
147256
414260
16614
965867
375435
187757
527034
686114
606712
305109
177128
804580
860054
95546
47112
881339
131862
89522
290106
443540
758307
866001
995342
646255
740375
202600
562905
371507
179438
629454
167186
326694
43714
183800
808913
419150
887909
335948
621616
10973
157409
315096
331906
533815
926995
379018
415155
58857
984892
705261
18749
743200
87614
14091
905807
827989
733044
468712
199497
912482
98166
883035
755529
141881
583188
564442
77383
987449
416742
698999
514775
90504
14096
846681
140671
941091
742051
555826
516300
726944
777439
535049
986496
865053
65492
892303
209395
798536
361016
925244
711019
975534
324631
466548
117415
424171
547342
194798
927973
964085
410150
442748
54589
424246
805781
195260
881689
64184
267439
914341
307480
561230
965742
293976
942636
31234
702632
668383
829771
580000
593627
540790
555534
434610
523690
189302
858782
71032
900452
786755
551469
310602
745855
122410
251200
67988
317671
132889
132172
101462
563582
956005
179044
529324
249981
638032
560559
468965
306415
390330
48965
416394
447472
120852
851005
971162
310154
226139
558546
726958
529246
110016
37561
275101
232426
805113
859441
66449
938003
507965
684263
501585
463970
379660
30910
230304
17692
107821
699269
840460
498151
264587
256854
945623
385439
107859
433137
695593
850350
991683
422551
379596
618051
976464
171049
850478
781578
30490
433279
235933
54808
117543
253870
518778
497203
801132
265434
31247
908953
481056
871707
407104
745643
128562
869079
131082
752773
818568
343027
603124
810252
281930
982720
944655
258395
153770
311485
556325
700612
744765
792258
755420
378660
562480
790551
392215
363613
572337
423462
788918
53393
811522
712375
799036
940084
581454
930118
209209
916375
789497
328685
726627
71428
827758
187634
846175
497880
499120
402500
714844
243885
711110
470265
138897
273590
777168
531112
153555
349505
954574
942474
402899
766096
654849
718287
222532
752655
164758
948094
669030
954255
276779
912009
25683
620889
99644
871858
118769
115116
790710
833614
359001
18172
820231
497898
291763
113751
545362
961670
463256
16288
420496
382507
298737
75345
100795
37621
344353
265553
985715
529735
736160
778847
441745
761844
399736
57741
150054
34858
172857
457117
384824
48210
475289
205055
62460
283404
835158
124174
245075
298414
140462
665571
197274
439199
257269
814421
476821
117974
596326
978888
647709
332486
274087
605806
610682
673824
179899
277089
225034
869108
734206
609858
433670
209495
331265
496130
9252
682775
136656
770679
981189
277119
436250
694815
232670
209871
509236
225843
327845
105562
721084
491907
954401
995171
97713
565083
185347
277613
842172
410381
146721
92730
536591
580392
818578
384208
592874
827830
66983
729531
598509
564525
523002
551111
775692
272024
760983
284929
497868
605180
906843
218952
97087
861244
214123
711153
942680
399471
988766
301204
326204
651839
393935
379148
748583
212513
763356
857810
556695
346692
103693
155204
427569
626695
222667
203261
898719
500002
4542
912939
105183
911386
648243
718622
288982
378719
429775
748014
778190
934893
49219
620746
586733
443154
999894
851668
172019
279603
709478
728714
142647
813171
400270
570216
956218
139289
289829
371290
639292
294372
284229
260827
205758
448825
979449
11092
827544
925577
759107
122086
860470
808326
742832
963555
767832
259079
331576
456203
55034
41054
701269
197681
370578
101539
284249
326796
240828
574078
214438
396472
868450
15020
657299
590560
463845
153101
601653
291389
78678
877112
413475
455500
201790
672659
935408
969622
931738
266984
942177
503124
308038
643446
700805
194968
261337
501406
521765
18517
75485
736203
414990
460287
267575
72289
50848
731420
225390
168853
22809
304068
562317
952636
275921
764107
141648
211329
250081
589738
478313
192258
92863
302703
835704
310020
497672
613393
811427
535789
631910
403264
788344
46900
379903
55920
119190
947103
787340
860932
115956
326502
681353
194625
795490
957274
958732
937138
168603
208813
526877
163268
401071
619740
465971
753127
446112
479995
366520
257539
15784
998431
177155
804129
561683
557059
860049
197225
504162
163741
58158
136471
6595
739511
331096
802086
213137
289829
255576
898092
14994
782453
61360
932418
918545
43683
685545
881010
523679
568418
654901
539463
83201
832057
859944
644884
905468
236345
842110
409630
916439
416620
62453
923034
156131
909902
241472
885620
716083
497049
783712
731077
795854
361424
663495
230752
921459
865393
111762
445138
950163
766663
500954
549716
115072
877250
194600
20540
113596
553062
430171
30035
969682
8976
469421
642165
918878
710894
527785
634961
724295
827849
882391
520149
705625
62238
750901
627085
927631
379015
588575
394146
662031
605881
943862
777103
483132
654815
797644
596728
207877
744167
143115
693912
753143
612536
336077
188374
839782
380215
823335
564077
724416
222078
84227
946394
284317
351480
573479
728300
246848
678406
122447
908879
284288
582661
685982
767420
237476
999978
880500
445354
744145
539967
655618
13641
668855
991695
202015
508638
888262
541702
72715
612679
763781
673294
559073
48098
541127
648904
776398
787975
327310
415197
213206
127950
997859
415540
411722
235335
415519
808574
197041
159664
348541
852659
173305
533749
360707
375320
42387
248969
433375
631454
378000
197156
821101
453425
761606
362228
102329
54356
666555
945992
469554
879761
590294
983765
295301
2017
735452
710820
326943
448846
386837
675485
817857
560142
725586
178564
451815
767973
943886
885190
915779
321886
598698
736880
775312
360304
615460
393993
414660
798367
856337
400566
194480
446632
384331
489782
448649
119784
716954
291944
84982
620143
967429
902839
180286
209367
81404
148453
493692
541642
549995
409472
379880
148693
662704
671544
508997
794517
65538
440009
592884
921875
840576
787365
368507
741259
793499
333508
861043
26805
625453
462377
646949
109234
365217
343587
834954
962973
492040
328646
504615
558387
738118
884495
707080
917175
556040
732429
711692
621578
172438
304576
59805
529366
608293
944665
270626
401792
794525
648021
944950
936330
110399
591899
561917
475616
451838
396871
438589
460230
725517
943204
18617
979988
344051
725697
897163
900091
458126
125207
38021
146916
946135
614179
676283
554429
558844
946909
472573
869721
111282
417523
806052
221681
9422
367969
697297
461260
281192
652238
921490
523061
111794
456459
503049
455846
182156
916564
872289
156634
41771
910311
303551
504259
524490
979834
58688
599686
443095
531261
469407
554377
465137
791811
776059
990911
676132
989708
968524
957324
158299
406366
480386
270093
862826
499787
725939
44982
416352
598229
201617
974475
24892
21520
478734
65734
1354
537422
665420
444449
585036
651179
515178
566525
442991
807589
557436
119123
797298
525960
592800
955597
932327
73186
742042
795153
572973
984334
356487
505677
98915
558104
480153
123807
95976
958887
705893
97330
12662
371313
58131
114050
538844
89662
680575
498187
897251
238011
133663
210901
280324
726463
166498
212651
316001
424893
524156
405326
409227
880643
911004
508142
955100
391157
148301
51076
866396
854194
148407
395410
741859
722890
509460
280703
812552
190035
778891
709804
944399
912554
920705
224723
155369
603556
437374
471370
544801
961530
876696
954028
358525
304052
978522
313625
211561
126823
364702
77958
981017
29461
989720
722876
268703
499181
519931
81256
205568
298822
307412
149967
727728
744469
374690
883097
864377
328416
870819
409178
806298
263868
879558
164824
567920
858080
994801
779482
984903
359503
373792
482272
905316
363512
721500
174020
379045
241432
771628
584614
56606
79040
734581
784335
339861
625624
183784
204239
470392
54604
129769
793043
318472
9328
957867
402744
867408
469020
182226
368664
828524
72370
850936
250192
952235
572437
424212
331280
330221
712192
915894
386827
307584
166828
687514
647446
792452
871299
368037
779196
442255
497806
572239
277079
23486
46458
679823
407247
515479
378402
775911
860355
967124
143199
110547
919359
231988
534760
766992
562209
763304
682886
949037
70889
849714
636551
718335
158518
24202
602724
454067
982809
100530
26306
776240
640369
72765
972416
47616
104596
867170
823527
964951
834294
483078
75498
270006
715067
126610
36998
277276
889915
719884
742665
960804
85951
895569
195491
760821
436123
798215
731240
418933
898745
757547
195173
539114
346664
167589
103082
451260
34759
926609
416211
385406
409688
8061
655412
641107
134672
692410
918383
24587
928646
177401
501743
530949
589322
697234
808123
25445
495449
539363
960730
910546
813262
155904
966013
159926
839845
69095
127538
390957
512057
60101
776363
921745
68163
948127
79204
202835
156889
513939
743774
601887
691340
761869
649189
280662
459103
457312
822460
954552
513027
783190
381450
326290
455446
347463
2568
811644
416559
130107
202601
444968
706560
495316
366713
774723
443443
445917
493910
116684
959856
754036
718571
167549
515905
884112
964563
491360
341424
787023
962264
854452
86566
343715
697094
542012
691178
216014
870008
624089
862473
72609
585409
569034
84277
952122
860109
44072
914391
354020
160756
390600
624408
395680
74501
656666
279792
39064
148026
137569
342440
110291
508373
945358
454006
205467
3722
661536
421481
873731
801978
283955
946340
387387
369341
546970
855862
229450
591042
286605
99822
751799
193557
724231
663831
268058
897249
943623
823475
45275
597544
682267
671918
105917
627625
125924
311384
631347
303813
249218
505078
622143
49525
967771
525882
418866
514741
381744
164668
105783
184702
264491
373934
378259
505074
554117
162670
402323
497741
502497
963950
95285
184764
635869
717555
812389
278145
545291
960088
581958
794509
981519
720453
360386
949290
246336
295604
980383
144432
460273
602518
329134
241116
976453
223746
262542
530570
386416
664865
544663
888913
145167
156301
590029
781036
873856
918770
59182
419147
878858
157492
730009
860377
877946
606747
326019
640634
418704
306402
785066
395329
908921
114201
636445
401726
337947
415339
448648
724363
596556
509664
129628
741723
665965
719657
522760
56173
638427
98294
991672
33637
772138
238033
410367
650084
361133
736386
290718
779837
559141
75785
175166
984414
706338
327963
902492
44285
259654
351140
285000
856210
860804
930980
597933
43121
650637
637045
615646
805416
251691
123671
839053
23830
361704
765772
673914
722837
18511
480985
19026
577652
73122
710544
78418
779460
554859
980910
340097
814513
848402
141449
670723
225559
72429
268657
268680
723066
422054
400679
44834
673746
524350
400239
697576
886054
166012
887842
125244
184523
885179
660622
762175
474653
371167
356945
254113
926026
337855
110562
740540
702609
252011
411263
928168
324440
196272
713201
563858
134679
113880
608692
808425
638230
8932
22353
40636
174944
910195
682232
875819
311727
342855
154346
786380
714022
511291
556846
156400
365498
667408
896940
68107
435772
824556
996276
760212
537180
709477
840423
671859
823357
449115
996636
977939
974399
18989
18575
665695
445537
700808
541514
757264
43663
695860
543644
274037
207151
616842
430437
572649
800603
843730
157109
236375
668286
153385
512939
721818
379214
353362
393678
718923
318830
906666
696862
293229
925656
231789
475277
371193
448949
16791
644809
8964
712652
704805
283001
436155
321648
229791
525157
638603
73521
682266
874978
258159
352003
387917
979977
731217
257632
890007
450140
92814
796674
663354
902395
722330
411495
377672
609875
860445
394464
771036
869409
623468
992193
668763
59623
830193
898554
101132
468796
488427
783398
343774
746586
135401
248044
242915
382970
505676
132923
349462
114842
445949
12816
17237
168279
424312
394910
294506
801109
305726
581894
670518
929194
574087
855633
505169
404281
270539
606302
873077
758966
389700
733204
21904
41454
981248
264820
424424
3276
914095
290239
118118
360044
303055
135355
44675
243719
530265
855533
561180
352343
437427
748051
281537
11514
603684
786707
932147
874224
909361
805225
149542
815413
538429
171447
856867
36029
952619
797644
39305
866714
87883
673775
226758
907290
809130
787785
667362
855748
643318
228542
208091
80745
976593
5981
608611
96630
792688
57111
487206
218401
378688
636748
33814
433469
324547
890682
469498
277166
204678
25155
660232
292561
698930
403342
716203
24412
191127
899917
880160
350797
128460
604604
431542
621405
610585
556506
234387
919625
613617
721593
138026
508657
874694
171840
942126
199241
578874
411624
992760
783552
953131
169344
592465
652061
572687
308669
676473
280166
208586
72986
630964
853398
677590
578858
991156
288175
651716
225543
724152
781685
463489
862178
290342
854535
550370
232468
570128
129245
160444
562888
429149
113575
248585
21615
281988
337624
846636
958462
617790
571574
31448
765106
941325
225390
860317
932481
513565
512033
674376
754069
293719
654217
132599
100413
508752
682969
332882
78881
812214
9678
158121
241364
639606
406706
779331
921594
744330
625967
880056
878473
197541
427856
643579
138866
653246
503896
587699
683163
532282
778428
437232
342353
432645
569831
442766
941398
252801
292000
536631
581367
818031
694752
339083
457637
101459
118414
379231
362141
260733
775640
240614
974627
203496
400546
629845
373095
420794
217545
56258
953076
995973
9843
811781
944970
579674
254548
402720
348827
62900
939351
446547
880931
634104
785630
338568
251915
420397
234152
614056
681130
9792
371023
172109
729640
287921
801955
102735
708715
535852
158994
178144
48177
685189
506277
993147
264863
760825
395868
130043
340078
335219
576590
221009
485675
878572
559578
737590
815321
793730
867999
12804
319874
755374
184913
49514
559647
503220
152250
784714
39072
827596
962858
87249
512785
985488
596749
294000
262665
992617
940395
602743
844188
33337
823753
329864
428262
899683
583806
243583
693413
968157
772739
529639
239883
957653
579153
799530
460873
247755
584245
16298
75351
63455
103547
104488
48943
700296
914841
311609
209265
855236
914352
569806
404926
254457
416022
833188
154140
516180
593123
363905
484338
365863
893544
240573
839868
472698
40104
300741
236805
140701
833391
828509
204156
453291
932997
769452
153587
364190
81061
879205
735779
511765
965363
140705
766223
381385
490245
920363
897565
83368
800621
898255
449231
694165
138829
289099
683215
695285
106193
920021
835986
455936
748530
556494
909227
197879
325946
579167
562070
923359
458372
814201
951477
423735
471258
717700
321472
961503
154415
219037
44871
471388
633645
10455
165554
772474
815906
365121
984111
438451
285142
336449
894388
550024
892943
803615
747904
735242
382782
826326
174953
357506
156879
126430
781241
628137
360482
619065
589640
31250
838103
150863
502638
471748
677670
184544
760574
9929
549666
261037
448380
834808
597486
342768
384833
6781
146384
649089
258375
45518
991767
433329
403025
148646
76111
700618
776783
436594
319684
882775
467844
674139
549990
486834
662239
744013
671379
939165
753942
221045
200202
202322
572205
797688
61443
473390
320821
724179
122479
579197
769697
630598
12526
172722
779244
88637
389693
72379
41583
225729
471506
25779
899868
537849
512614
562107
281862
183993
501272
35804
921390
217826
754478
493595
531866
815921
966986
852687
540100
89465
948236
826150
236416
477114
515224
15660
82104
904917
604392
123687
130646
75898
149467
546866
130099
178433
625325
411961
878778
642949
964117
800168
860775
234948
293763
908993
50869
260749
761681
107322
866567
226269
449824
102983
703384
965048
634995
785488
386318
239387
909175
33316
831638
574994
580183
961737
753427
721860
890051
148557
364810
370520
948725
225585
605468
242489
134579
172690
19590
412612
796364
402509
638881
246188
505492
342265
727588
656840
644105
113906
412579
553281
663575
760569
644627
760110
238659
914407
481970
128710
62964
846780
499230
11690
588718
621051
770531
239649
793741
790121
168613
590105
192631
323846
352645
214475
182464
80233
871315
826569
710492
283895
896202
374067
560816
540830
134177
799475
455237
132499
928185
518201
979280
943768
46243
84350
564819
816774
323999
874912
123248
492612
981369
315879
332810
334014
46706
515274
414247
918022
341844
124739
718269
238046
498806
279085
778876
149335
78561
750465
281835
523098
785019
777467
983218
831262
861817
64389
648037
702168
939301
771285
711132
920670
603516
43942
254684
650222
559217
185284
84596
901061
310023
802865
655459
325182
598303
950688
990869
193216
701153
272704
232666
486172
566523
215885
317435
428340
796626
481824
130508
735928
253109
841640
172950
372977
401935
943987
23199
961152
645623
107796
378565
955646
427013
34024
797180
25316
984712
788050
734884
685866
577106
967551
688390
143630
183436
5825
88322
980062
4001
218831
232342
773462
576823
921645
146439
978758
381984
685991
456262
27607
793787
834827
499605
220800
385204
813138
762469
369916
601188
497353
572134
694646
464904
260525
354628
164692
782702
442951
144755
303056
661782
893449
76518
754957
331446
739310
250068
713430
425301
706330
741037
219088
57510
756995
956240
442714
570133
235061
328982
687673
732415
901117
382319
713671
677994
736948
878364
977048
179899
539471
280104
358033
949272
872975
629342
280719
612285
879410
994149
37586
585741
251539
256674
643251
8534
729266
602317
578667
964328
931299
266340
213095
832416
165011
926766
26762
901959
321482
520163
598210
860953
800267
956243
810226
189594
101938
607297
801879
981348
601446
839465
83441
852985
612491
243044
861519
858110
845361
956538
822438
776661
222878
551885
125429
387890
478651
668544
806201
800134
188707
404412
177439
505326
877007
504017
694921
978945
111314
496800
476646
229113
852618
560087
82098
465109
803132
459970
323219
648493
416508
662009
941506
155739
213894
66936
59981
208898
735480
866182
525384
440539
786946
219175
945865
180306
239545
640786
675603
350859
653939
152249
579972
506557
712337
178423
488018
515469
154745
327590
680314
571253
989599
621821
243344
719846
205109
303325
445096
940589
685860
486832
897480
989158
706007
843345
685816
945552
484132
361420
812764
138071
513669
909088
160980
742358
87511
648998
774179
242256
976588
454494
329862
482540
592667
89558
202386
797776
909236
163834
254717
111448
650666
152197
100606
873025
995542
786423
334930
996026
664195
147694
650449
694216
56782
811429
436575
660646
976780
727106
419254
953368
697952
265468
435908
290619
355027
154646
604747
780615
834832
859464
892063
485498
528013
992669
874876
39908
295444
209806
35934
959639
357500
202736
170208
930634
530517
606783
107632
507297
850241
526887
460666
548194
308707
412926
355165
663734
83925
959913
444349
918757
335729
852764
920608
380095
845434
795484
420003
657230
5290
972289
133222
362790
175025
303430
809776
221895
426565
917409
729192
276806
960648
706210
341352
269355
635489
696518
449442
719414
172783
893791
638171
24864
746556
558779
404959
108342
354263
824962
281924
875905
313604
415146
755047
4981
718576
564824
226876
661493
998585
472421
938300
959233
694983
796004
228588
330472
492522
678030
566238
181657
88174
204410
206522
351082
279541
127833
975776
150157
469148
257700
26062
782752
672847
781110
787733
907775
862286
14610
569269
860871
3383
23921
820104
698366
819925
565044
28839
828800
759427
595077
526809
847601
315839
249683
715035
111733
377517
690811
261890
846665
948511
804304
629417
137710
101766
933502
561838
480404
464464
647459
341275
467847
187732
677731
166214
524009
759128
711405
352809
518555
306482
395971
882508
138674
645654
597543
250407
23171
288354
28649
386188
753217
832953
531957
407280
451072
465460
485470
931476
929924
132929
789104
914124
837013
983187
80338
361022
742315
791743
230184
777222
614577
626155
659730
269603
271809
257273
520010
811333
61979
65011
713873
331549
414317
245831
738829
865389
227643
740651
313217
673919
389932
102321
588043
226945
601861
184733
587967
344176
976476
334503
121399
107406
477010
781129
377009
265172
554755
413372
76505
133086
994735
790378
464635
409052
552561
719816
790793
780204
460467
104011
454124
850399
722684
558519
77344
324545
743253
181664
185074
719729
32519
306473
343487
509530
603954
236849
774702
675061
166573
851207
808148
161308
157937
272783
570361
226851
992600
361154
7055
969419
981517
977531
819819
704202
536051
413515
545099
279304
111531
730173
515385
144051
552998
375225
653581
673305
612074
428283
348366
294999
795842
672866
972659
953779
945650
543020
696982
454602
420527
220390
940373
918396
197921
760192
138950
250324
690060
684050
45980
801591
930575
561366
945642
999926
936591
599223
673231
65017
543858
537949
876368
339700
210816
849027
293480
672818
908400
506814
643772
845279
727204
584145
763675
925126
860690
902626
691802
550750
103028
737783
352341
549955
299149
814336
549881
752092
929911
739464
333461
473770
277414
209829
813470
488230
575208
623302
677400
483608
130117
321172
328887
857321
905317
608915
782447
766007
511541
474250
316757
130921
212033
185451
680876
27534
999787
747110
295978
446050
486574
629439
919820
763988
355620
733291
768570
447180
356593
445970
447141
486710
767142
776028
344032
672460
384943
642831
954819
412836
633433
271577
60109
361818
973380
257338
905704
973167
4448
201682
419217
491022
347473
855390
255011
219445
588681
539933
182978
461626
985904
630119
948337
753046
406147
808721
941858
307443
967904
896678
236631
117690
684607
813093
995860
657987
70431
901565
147506
74879
619599
83075
565901
483425
938465
337264
702870
43498
877198
402200
505125
379454
32319
969814
648852
954819
778535
590711
778614
262791
3741
15245
380481
204700
828338
376342
862687
415121
794259
526545
490000
413858
609620
572254
897283
64438
909518
116506
107936
303068
518706
613061
682522
67378
582875
331375
22197
877762
922086
800811
656906
442179
332408
37387
646879
677099
930081
25918
92220
240692
552463
582221
654551
162083
154475
68186
742873
580345
701044
850810
883414
736103
980223
565936
803481
563099
897311
825678
957213
335749
626489
614119
777928
958897
167859
424807
635996
614292
450725
728217
854985
519540
826790
25888
681624
981265
94074
940849
561610
311471
791659
961376
47574
771883
527313
851055
851334
424624
676733
324899
760374
819574
939019
538302
778471
623230
479462
930820
237522
446539
175389
608859
966080
2179
634747
164056
499796
245174
104905
577758
556645
412917
539135
604219
184800
66448
971626
552486
491072
164711
877385
767798
984285
332756
822453
279108
955986
301915
209928
709861
264806
385317
835072
230886
903848
469820
911294
403644
231346
16200
497755
304343
429117
36890
424914
130269
619690
396540
199107
627114
561251
76492
394913
545536
925601
217366
824644
397939
35633
550925
624152
300439
452594
459225
47678
356443
445397
958972
276439
676743
491524
774194
981086
436993
327436
406000
567262
947126
318892
766369
574241
396495
359214
969154
942031
284815
702872
283027
682754
738505
350304
306907
555296
802899
282484
602974
675694
727881
561947
952133
920976
569823
242680
902062
6817
86468
824414
90431
33595
659658
373153
124188
56153
732367
609694
514536
533534
312566
797563
732640
567423
147868
555899
122719
467119
838383
242046
142813
82616
320345
611298
3592
890168
853978
422006
896985
940447
246420
987417
490394
422430
360570
614582
478583
609289
224276
993119
142823
53194
307035
391815
620617
971255
947715
259688
438374
302450
501734
581187
385067
822079
192485
388659
228600
562816
810666
125585
19615
573438
629354
26361
512221
506276
640943
990804
115565
381571
500276
774740
434765
807311
166556
571734
778566
630623
831422
733292
933073
849509
314479
834492
187940
23316
223152
416540
102484
550170
58478
638451
639960
204184
664812
152181
710461
822107
659338
342378
203678
159614
117119
638443
483277
800027
726529
778195
947002
557952
511487
880075
923813
342318
714568
111753
881986
454072
44646
984471
520594
619476
139274
160554
823660
804087
829088
534121
626194
488426
876500
346225
164392
509971
501020
647669
826350
227550
425864
773352
301854
937351
169779
225667
796021
400699
853772
678007
854771
414770
178830
891717
34246
318105
568624
857907
638544
397712
908380
781090
402490
301232
127315
566882
811203
144688
214551
153905
372238
156767
443609
674092
610470
613389
416111
406491
14088
786235
84498
385212
201006
263329
276929
751604
97786
845553
609511
736330
759617
517892
33772
162107
819124
677440
728989
146680
822128
459892
816937
710718
616659
260547
901162
227129
390288
317273
633620
404376
619860
234471
305940
337218
497800
99222
88823
111938
461127
214686
848268
220745
248930
398392
899204
584407
75832
628194
247439
414312
604438
64376
125030
221098
841275
26192
964579
231563
859817
114552
152292
479678
349023
458232
333248
846823
557454
422071
958761
534934
153110
323381
272031
402040
238125
171235
986447
830310
315781
233886
244622
920220
814615
369653
657670
655890
912197
622249
887454
772015
736801
39746
768045
602176
497978
101293
448999
571785
39717
924112
623071
709179
763845
895102
111219
518323
66337
614019
348633
382119
847905
109607
818691
662520
479260
476361
834763
907810
98610
722217
679825
351764
278315
964222
953940
292645
581867
919292
380782
621584
359756
3853
847115
639954
898955
958335
674629
481645
572354
23262
380116
936611
132869
198807
115484
128482
675168
950247
36292
290130
188816
232469
158246
467131
713043
628539
759776
294910
547831
656911
432847
423939
660764
279962
580245
76072
754649
254874
557717
327003
794488
937833
779967
927358
136640
411803
572192
811808
878402
124836
618290
67218
873657
776537
50701
586700
405076
326829
881610
469259
983740
830809
409550
644505
110772
989796
720577
865421
761022
794646
708777
555511
732479
5096
999221
385471
416899
571413
713631
295301
696249
331921
878871
569906
624810
929572
672958
29886
772753
70920
15497
756494
901730
425048
917351
12502
931196
154280
394275
692218
948926
103052
764081
197757
624500
763302
583228
41399
334715
813211
853052
547316
145132
731923
633574
769943
177847
306532
316181
950601
377453
331679
223447
279183
273079
657150
808037
720627
811430
202312
412845
276708
821717
693279
990817
962569
456581
90397
3969
307649
903608
373373
854965
565092
621649
488540
335035
315848
311424
167569
266449
205229
499248
6248
764
288679
663398
808801
9306
991180
527466
938503
784240
865535
631782
775057
828104
88364
381806
348425
912365
285414
238151
767330
366859
859800
772222
701894
175648
599999
385815
958450
805228
885063
481050
805993
690094
144449
131146
699400
651981
658612
154256
436222
40499
786038
727631
868604
390754
109438
733381
303119
911204
971532
586802
278063
347684
359024
496310
523333
959023
882125
998135
280604
283541
479185
86597
489987
623634
734095
189388
791968
392708
859996
744542
949559
646034
472173
334515
553141
97963
67897
372612
525520
555781
959414
319935
903466
834791
816245
943151
310166
214723
941286
590770
14616
420471
193719
504603
44106
927815
210343
352426
836875
70339
96968
786434
716374
85493
120950
785867
183457
705199
158479
225329
260980
117894
545264
680798
952685
877862
623949
779203
608937
565235
369974
623553
985707
563693
128156
546165
491508
338500
898591
844735
925191
511911
631170
641565
597404
268472
943784
297213
490023
102264
522542
751003
736510
584159
948154
205547
462021
572103
984750
70958
653691
354724
210863
639398
434770
855371
701915
442630
193871
116858
287366
635415
628769
434888
276980
226173
219712
737117
39739
709735
355733
562281
977090
92243
146440
925244
814142
124813
497348
798892
712123
667391
669969
922986
306789
621091
778358
525056
63721
488581
641914
867439
123996
787035
302327
917329
529560
522039
170798
569299
748126
526531
131581
725217
618774
794373
650461
432916
919187
664161
748160
147662
331552
934481
70649
154693
555572
365359
679749
619294
370292
838015
3085
10641
625050
305413
927970
154611
343804
98768
723910
91931
625299
371843
817148
760425
682569
983961
709693
118108
648123
974205
265770
496027
908687
852771
650721
464259
218130
846822
599905
104775
684838
602991
115416
826240
424756
43386
497203
284912
658506
737466
893195
800157
109309
226695
76934
308230
210657
786627
426338
375132
277184
692109
871159
185871
544880
521880
650131
279363
885055
766388
384138
86245
885731
499554
912485
310487
59292
926041
111752
234150
663507
4947
34307
289168
231643
627593
597399
958652
930572
23737
333784
207756
232198
721295
393628
293431
243176
560111
572794
644583
326499
473284
730828
728583
489190
159665
39070
548482
85706
150822
782632
749213
672122
333291
554734
420117
477236
152133
378769
407808
692222
228905
615564
924421
950200
525544
217852
709728
85655
306998
354311
928507
780282
601491
657090
269472
761157
212512
334306
363215
879687
633290
628781
551809
482933
183515
971926
960169
852000
867047
367977
544222
95952
499893
984995
562504
25438
202847
272233
111093
26197
142896
555952
806479
744388
213042
592303
21897
425555
926609
901464
821594
559899
530245
373403
42832
230112
861681
519353
82112
728728
887330
142687
341032
903576
127682
903536
929014
846882
175769
556459
873079
318666
112412
195911
579406
841806
788214
601303
783713
231176
502767
605307
791075
549365
495062
350260
779477
356743
385965
377942
85471
789648
36981
942855
693224
164663
846392
622238
527897
538513
695049
400977
857179
807461
596888
436585
165620
901454
554240
949333
132630
57008
70993
440058
122725
566055
306670
902202
922799
692635
796496
524622
482283
833477
467478
175507
998141
830222
314097
42390
368735
9147
443367
742267
332960
556607
695204
14932
458062
249445
964266
590692
822805
551611
30750
945530
117666
337420
364084
556817
30056
160581
597792
28691
994058
581622
720551
508551
411844
34648
550942
296931
560147
510661
39198
409460
67269
734403
424392
41683
983848
905010
632375
323005
456621
179478
784887
90640
516898
148971
163809
63306
825904
761601
608350
336315
343223
328901
361218
271419
879901
912160
568351
440049
939174
607549
365861
6443
858304
790253
48126
842152
695264
196853
681509
668237
376331
466396
275229
409582
131720
439039
989240
957624
716992
113942
293939
60216
442843
655158
847987
322745
83670
416338
279146
22844
540240
645007
545639
398544
951612
110117
757049
163228
823323
438558
831466
716006
421307
623047
125588
553027
62086
631181
27003
779079
745123
320943
355647
704319
492453
719986
27064
576123
136325
822562
115320
192917
983921
177311
591461
935533
803781
864862
98762
627104
303421
446580
343110
241080
69627
985051
310459
648066
132584
337462
943497
877707
174757
815496
98378
667210
535482
125442
759686
188159
464356
391358
897428
448277
568669
488890
383811
888802
353752
998925
515906
173525
961857
375369
930957
547836
876772
241416
195902
9356
95231
655751
403415
269988
987599
501794
937199
39434
143588
213237
227593
607945
604595
641374
572574
689616
130264
472737
578419
368
471662
610677
690246
433519
986046
137555
497708
379170
895324
209962
388526
990555
865714
308294
260543
853313
810088
197742
892747
470028
927331
636693
77973
531926
278067
650548
737895
924683
639637
316314
441403
111300
926991
648001
61171
429390
301909
558879
324912
197233
768842
713439
187788
150908
538085
448331
520573
348173
162426
929673
334553
89757
82718
412527
138036
877137
579427
875931
318172
219064
708597
275927
846716
635588
923929
424240
581330
742190
499471
422595
939423
784665
136034
127211
935573
190471
91894
972499
54996
770672
902172
389549
860430
501242
318428
514818
378379
414207
390749
696551
149624
99346
972478
996340
251286
412759
936932
348969
671301
436404
771564
610724
221069
423950
254287
672995
614421
862534
161846
669417
633206
580370
575318
9988
81612
893747
524806
976343
307954
431907
189246
457578
47605
678076
970271
815244
607188
423555
164213
278489
859959
452129
405566
597381
392431
659853
786728
6852
522387
464926
192621
671946
45296
284291
681934
643260
178038
723093
619603
2345
155000
325201
976275
202606
3277
946546
17850
610465
886454
698415
888955
746413
666896
294521
860146
59327
470726
163226
582531
509466
628152
775152
181412
673448
59443
379698
833060
753834
102791
452663
756179
257792
777864
248806
976750
297494
711705
510952
907959
598159
209367
313266
860924
876263
124139
721071
451942
111218
884297
34473
620684
28802
325977
318448
218602
901772
698146
51663
655606
800938
20678
928137
575082
314895
176944
551832
612389
888649
62784
36700
3160
788503
349967
864084
181118
990458
585155
633060
101676
985805
667533
238712
14607
509862
557160
233209
411634
771659
801224
583593
572597
821903
511730
147679
136798
205026
215863
749187
610027
278647
785887
613187
583502
652206
477272
764620
159017
578779
914032
260693
564584
581565
499406
95543
91427
572918
845105
19413
344577
646329
603006
433526
468232
114737
97557
121382
836115
313420
386921
446143
108419
689161
59330
691921
341367
52954
456541
500384
631734
370573
277430
712670
468490
293188
808214
76269
866106
169671
95683
727036
816000
215041
676914
800585
846130
774472
921967
682246
87892
308889
128389
196312
998050
704071
888233
855769
273378
861127
872506
905112
748052
149936
617782
732895
443124
942348
809164
825582
112019
421199
68970
444372
152593
745885
244957
998723
36709
166924
680969
124601
992165
325710
837265
506567
546134
241851
878689
819512
102978
751195
724624
367382
417483
858758
100277
376959
317459
425794
718893
429478
363345
787864
390202
515938
50101
635159
514662
86810
318436
711983
211411
826953
37694
565029
333521
583828
806880
212210
403340
426210
479757
644316
793592
897240
19426
410222
274199
336885
836016
993092
282716
715713
297308
672918
231652
347409
824430
262666
434219
142866
974649
161983
969819
12343
243364
819692
112523
50244
548254
32215
476454
28011
676531
786398
441603
212310
196620
715802
549195
548988
225247
348263
264702
522555
537534
12706
386317
361964
275372
336888
21182
250021
498871
507353
778717
742235
843398
891240
308831
391652
923456
301637
936016
116339
88036
377619
328649
801008
609774
394197
349997
351373
258812
614699
390280
796346
627405
776597
674662
419129
113486
695844
185502
128709
719550
964219
870945
562948
371812
696128
470952
811620
997766
406968
927959
602154
300940
772961
403162
427066
167158
753159
294791
425970
884210
685071
738669
27967
461669
413331
447096
91507
625528
632599
220216
345078
113170
607513
424378
484982
303642
895330
812954
817760
818651
740914
419914
119591
513875
823076
63009
197385
92588
357800
139707
493150
42871
878376
37470
20892
808060
918
628751
949940
149869
848968
295018
263040
972833
235748
264374
792827
131078
77329
610587
949729
334595
30501
585672
364822
369930
165033
78559
462518
522833
218266
472020
82057
612995
509490
619301
421055
510409
248053
370995
660278
613373
182365
439670
586206
418113
704045
379034
65543
297726
505973
531625
632321
52827
633649
513495
422757
798683
592054
401627
837868
810320
873647
919925
939667
899490
55579
360722
409899
819984
248069
586529
949709
946786
26200
535915
881251
246597
431301
946795
544323
453627
994772
692996
506454
628421
206491
929211
427104
798545
330838
264973
125217
720837
701250
64885
620327
273181
941959
546578
93165
706381
133108
42874
653167
675660
95142
50771
922257
42795
997566
982932
496422
992338
675928
2876
620759
398771
448439
564216
713668
295629
829189
355237
16467
46791
936474
153146
319973
878434
216077
929490
101167
865537
488717
270686
541197
583859
321457
463454
143006
835375
446386
639429
344065
638666
158657
481177
37437
607097
45393
751105
419078
390934
106342
951897
954077
42817
105044
790402
437603
837473
719893
55122
703010
208610
325808
244207
308821
163618
224013
451827
515345
186751
91256
859411
825417
766266
856940
379206
889715
418685
646663
308793
809619
269357
260691
280048
312174
882087
70451
266129
719560
306696
837603
938922
515306
679764
183129
824127
843382
923494
792306
875079
110245
399915
734490
452014
166181
107782
831220
55896
526467
477883
881041
852438
747240
658084
132487
575767
540171
202938
358248
776083
509634
195852
715005
541292
391968
414486
881771
235350
337980
674077
626781
964577
73992
361272
416591
240173
985406
764163
812421
511874
758398
209815
364312
21991
867899
496799
114110
408071
216089
472358
700506
242075
184562
931864
299719
92882
346350
181490
328232
200683
371920
471366
165260
445912
348990
98204
202438
334396
862367
531211
846270
137118
741026
210583
159109
608926
223734
273219
533349
956176
261929
750207
714603
962844
682071
14323
55726
28422
712165
900311
745457
84085
371677
910717
529998
720667
525273
732436
55063
387641
779999
417686
524759
521026
628269
200220
646304
368355
989791
179653
324531
251720
929860
39135
730916
611932
569810
786643
156706
281975
203306
902163
366061
574983
329232
896059
812002
854506
144847
383417
758499
924846
801103
799610
962224
945724
999830
608528
314080
989621
788181
154963
757693
234394
194098
488610
362678
280260
275253
35736
562236
478559
937899
928297
569894
783483
340708
898248
637989
1907
281665
396488
443105
82769
712450
405330
28493
712280
13858
858925
218253
318392
13889
975947
69138
724339
464557
948168
4600
256162
983904
83188
251073
438155
11485
820967
221638
868545
235567
375980
386804
517232
288820
829909
600001
1271
751591
144847
713551
281802
3772
931805
116546
534013
424104
185684
258353
888661
133852
779305
144823
117756
862493
912248
72263
390330
249567
293901
775227
485134
186233
162031
2366
475054
508292
118720
476325
776236
263567
706228
58038
783691
154385
690936
834057
578489
876620
608762
983502
526824
388067
644677
160932
766912
556925
233195
157242
806492
43448
932469
291626
229682
610852
810345
704736
635496
929065
697413
928084
708984
919993
986122
9027
590731
193410
843084
685572
70030
451846
669075
113206
356265
313752
274138
123177
387030
23685
280419
709874
67134
729240
517853
813168
856444
328198
34256
8293
773615
731669
936377
482599
168014
438852
7978
758745
632262
367415
444318
218645
819261
113393
331851
691879
943497
122342
815056
846879
662379
611828
556754
245865
857420
590959
59033
713865
919157
93289
722158
692772
341310
658535
691723
509325
613739
216053
268070
246002
583468
228740
464647
919082
858485
312850
610961
318335
435192
426017
165214
613924
554197
238320
859789
411618
829279
918823
125483
264788
12112
363993
473912
869775
538880
165635
379100
152620
898041
163522
398622
481509
392263
379621
400591
250748
692471
11552
569083
644016
953922
250650
257940
508119
488970
117729
919737
834602
552904
561572
99390
81369
925565
573303
951144
980798
255290
330244
133418
153331
10118
48392
634841
402381
428013
551784
169482
636836
79689
738565
280852
33611
505567
55144
541730
510890
689226
977820
345492
242130
55744
444882
323499
497662
534537
274643
478460
306180
121239
128230
459511
131358
176622
610704
50091
120987
678841
219573
757823
758530
474491
555028
792141
980058
126524
850223
490948
815750
344395
836440
57881
400140
797675
897732
897802
848564
688728
892614
154744
326319
20844
130608
457677
713818
741312
24121
834805
420153
243694
108980
178683
718185
180360
487176
698244
306885
337400
189192
122635
198147
541985
696868
598287
856012
110953
496089
704576
316033
905055
859321
642352
925899
989929
616382
639717
247593
640503
990874
184099
884197
616207
879134
602383
796567
366311
816979
619804
220063
522523
258792
418210
64508
472012
16498
920520
582965
28939
625097
898998
450347
770
57703
376246
990699
674085
532316
754644
314588
39542
938743
715137
655749
334230
833872
968669
216893
650851
588473
436956
173375
363617
371518
754235
835630
904368
674756
934947
449660
816205
350298
900007
816975
408001
276253
324026
598438
324921
595022
913026
364464
533766
144515
536565
384348
978388
21586
601241
629239
126412
38197
318966
490029
926067
73202
325659
830436
747958
776959
280096
80515
127257
180103
897490
535258
972708
737868
650048
297630
332890
563074
178446
383008
223941
715011
767356
202329
736598
368597
347921
863010
923146
666887
869391
849214
740089
195051
196002
4399
488362
476098
84914
615619
172553
982404
667229
145261
720272
317277
959243
569515
396703
137689
952523
620644
369053
719880
339326
622003
604829
687247
1365
527976
354134
870756
893542
94224
582159
89544
98623
70521
565642
699890
202492
254547
198646
869721
399808
918919
703350
875404
488434
100053
529445
957309
237050
898498
677189
576376
36853
282019
263623
38218
326347
617757
425327
219889
228333
523838
825785
843309
110712
907779
543199
313204
162326
741845
699278
562134
177116
402628
953890
181902
19034
483336
139212
256084
381834
332753
348812
935040
614772
612435
489610
457471
746544
431289
677360
491230
955128
19497
334539
65840
927276
394090
379044
89602
652287
594674
168089
829404
997303
121979
527658
16337
605315
666870
788773
503502
999624
137585
438542
130748
266372
444504
588220
529268
875794
781932
20498
830922
801430
355037
413114
728706
265479
308510
334661
917767
903185
502750
747171
900488
624729
791181
433177
746397
458052
738302
249899
974028
392239
204793
621128
174963
649297
725700
704231
525091
507633
724730
872365
825415
596119
285479
554121
861599
593990
405134
295718
497175
907884
559241
914015
48966
350422
347192
795363
324826
601846
45262
298854
994085
250055
436335
169048
415704
162035
873279
940796
186020
114361
813161
11435
226833
98641
81909
604784
208983
487043
900502
706158
394928
459743
620173
443894
810165
483717
755609
134992
85563
800871
950198
79648
567278
386533
765048
499334
64921
154679
956482
250941
269041
769644
778729
12226
384637
860638
617010
593620
864033
517512
816130
258961
977255
436303
219207
787420
920020
491168
438764
521935
292039
388963
601583
375669
291848
882983
875004
356769
37662
831486
124063
823055
117482
902792
835281
18471
763430
452291
128443
627463
969803
944573
402777
463410
897228
138336
767183
333600
629505
205947
855535
437896
111262
973470
329918
403111
856453
721274
276232
894116
69112
400295
233523
186595
303087
68805
721418
582869
521096
366214
726685
7252
310787
129462
987014
724368
784150
754197
57968
930007
476497
913504
367904
587759
886974
214174
507222
259780
935448
299807
670248
4560
700102
903771
707507
519542
972576
945278
102411
10025
311492
829096
533629
138631
474910
520643
862999
259061
791193
437320
705420
267690
350824
73324
371801
754150
287498
395376
530282
739298
695183
200530
743859
395285
104302
967718
431179
593230
912996
49943
603255
224488
879039
136884
363120
870302
173880
742471
645715
965073
179791
351135
232763
46967
940812
120916
317470
744662
516292
847752
483961
211475
48283
744172
123113
668937
228242
554292
262167
141239
604235
865423
882079
999627
518659
245199
386281
692539
504023
31996
173964
683814
899483
406727
730782
840295
43996
564604
101310
560288
412356
585271
771764
976991
845795
411229
645928
74037
481873
908096
215276
86109
289871
613708
602088
808530
375259
504721
17422
879282
536717
191386
563097
952552
114466
810231
792848
158462
374835
894158
235102
303543
995781
523218
280535
841576
934447
442815
431965
416321
350911
163594
18782
157134
777302
137222
965665
152561
641943
499439
31844
178660
690825
111293
647564
321643
437876
440412
996457
812711
850922
231560
632606
363055
754778
913141
720983
689226
355957
152949
621899
223220
832895
157033
380355
610197
294255
862372
279110
936198
361811
310954
631210
568988
938599
278774
890632
376475
235539
403441
705538
602813
635001
338145
965869
389780
767638
686852
595358
639947
356153
733609
863168
189048
890642
759875
315597
184897
622247
594708
121095
500410
422014
268657
585750
360614
547431
992734
253441
782970
396176
475332
902136
31177
813477
868005
937309
97467
71209
532667
737415
427363
782628
116935
132763
673270
393162
448361
374519
531761
43069
495614
32171
465083
280623
617921
342049
828055
610656
595491
127377
523184
587175
29513
554361
400652
413870
491671
14471
485080
540690
268238
428795
323319
385173
561558
512941
778335
9919
887461
310096
569340
899427
858619
34424
180051
992893
892825
524458
119901
4668
651835
643085
591843
197701
713798
508847
611571
205469
523319
613003
262512
791557
41798
102183
693083
603357
615124
987770
129628
502585
814219
698969
918365
672838
249745
98416
182083
142570
622874
301984
147239
791061
461421
255434
988762
175220
764282
600334
380689
287601
213337
159553
595510
771488
261736
288593
374845
876861
276364
20825
895798
90583
719794
814163
279773
969539
912579
461857
628462
51805
763841
775701
842867
225263
31135
831629
916835
311769
948315
297524
599370
678005
457078
711233
449493
235166
999826
340690
112027
276190
361515
7826
883125
597662
338341
162899
567201
250921
624756
195663
819078
904949
487716
661945
646564
35204
9927
563399
863325
474594
377276
462696
152599
350706
173929
118444
585872
690107
975486
214252
482650
853354
222078
365775
451016
560419
45026
534569
327692
186134
246585
146771
91084
250653
325068
254000
285857
334995
817400
149183
809590
711028
128231
478541
578086
818512
113338
163958
24971
88824
378210
507621
942178
116640
389749
909546
193412
434775
444116
37456
620910
690701
700579
228346
941354
25648
482346
743564
876995
816098
409099
686585
43478
537330
681479
621564
872194
794817
785523
897165
883641
680085
921139
342172
796726
310888
251718
506490
262015
212186
543946
399277
902887
244526
627623
360594
270174
626322
104158
663521
958772
513257
350107
2251
566939
547938
140167
955485
342755
442042
852650
742748
122128
290141
601272
435206
601029
852991
458048
379397
581529
1994
778674
484417
246520
922650
845011
33046
65324
949169
696568
24096
978778
563027
542699
545717
110965
199219
501202
970072
641261
870204
712820
279741
160346
314093
231299
277727
683436
689347
657124
264965
691342
952151
265734
454214
874801
110745
3613
940125
576266
216533
480573
71396
295912
539625
133465
923229
738844
634667
893301
380105
21224
122473
176199
697922
436566
407498
975649
636354
96846
149126
901320
304540
617629
683406
275106
8782
310504
278719
948907
403122
495252
945832
474519
791164
485457
607984
714393
224301
759004
124046
120759
296580
246520
296958
994502
683086
704456
486503
835793
317654
151981
253465
138546
769610
936871
413653
778392
247375
692372
243651
650498
703977
705836
641369
11493
191293
249353
242239
931947
524709
366285
52706
821289
612805
349664
332143
812244
570472
818647
648037
404479
486980
901502
543025
256591
354725
956678
551335
602101
165403
311339
768951
869380
17175
410320
397225
724820
176025
639464
656767
217087
5750
225825
554728
618555
91841
886872
430799
662314
221871
595188
583145
708851
13042
126170
481794
367768
599201
33130
486221
280956
860821
255172
150336
877996
181844
63913
119168
874221
703378
775936
607660
709128
518113
162389
844035
609955
49261
791187
788621
271132
386375
371766
979983
399418
14288
461778
283538
613489
11260
769759
894445
872081
541283
561133
266429
239479
625047
901949
630052
844777
194237
237713
553905
712351
400102
914292
322306
449363
705479
110927
236847
91855
999045
733182
7625
13333
711312
291163
143175
722572
577274
37620
111005
118557
115106
893786
358036
256505
795736
988088
101282
506325
225801
171539
218676
142255
85831
540982
591618
791311
168261
344817
399518
167306
78000
407143
696992
789312
214658
840167
28237
791932
394139
655594
910489
509245
65733
784877
765750
377821
289317
383384
884146
31471
554923
102823
173726
640755
160157
281697
948418
844771
626514
347936
528429
220866
271431
225421
10179
486089
65588
554768
278021
459728
210362
704862
485325
276095
489739
767428
653916
295408
150812
54415
326879
222088
157238
500606
862843
833747
298655
327613
678518
925169
675549
206948
662388
463332
432369
672567
949421
14310
227335
743794
990390
954049
448656
475715
746497
454747
243143
916765
266507
393956
971180
593387
616044
644770
610345
995239
478518
909000
839204
157036
350521
31105
880336
12909
494437
829058
201828
443858
359720
945515
704004
350110
899565
152660
825825
646062
123759
585321
79179
390266
495629
50360
500005
628025
695130
626702
623264
173648
52054
978820
847037
402576
9925
243725
931837
504362
589135
650018
464572
948855
595533
168576
298965
11450
837588
641143
173864
477699
226464
253044
384317
722093
303404
884323
350118
514886
27377
489734
204887
79432
468554
568276
998360
478479
812001
446549
982841
401137
96567
963765
866344
208453
132341
165310
219903
969929
806453
910120
447628
32917
163164
831945
271362
982920
232620
621480
14158
259998
111214
219045
339430
579768
787321
854142
574599
115675
300691
73792
33164
397259
37557
899508
605712
169898
581170
341967
656179
387623
252087
620159
936892
931603
968456
208254
430875
201077
346086
445034
977427
457300
180431
833209
553420
484105
687351
644371
116132
988042
718163
149296
901653
272072
565156
507365
441970
146327
365685
614501
50302
134124
234660
503547
65728
719469
711801
12955
436898
57888
974341
414325
31540
154773
763886
101313
155230
967589
745684
271362
955631
463848
937010
857285
735920
18518
881002
694243
164845
246687
825096
731500
380812
576109
235047
962892
295578
463200
492199
732476
37440
466541
663153
68981
137666
427039
170294
292896
394628
915978
564258
866611
896178
17620
240248
148451
36138
121251
842694
717336
884290
184142
448836
781454
760251
200235
260698
55829
663435
752898
788305
700876
735791
967810
286209
873457
394849
456503
166353
305829
888833
246963
688793
785012
264583
929041
449815
817073
566644
292509
534409
967287
476651
983245
265093
753255
183480
525792
809084
363268
795042
113742
64144
530833
81552
350353
404290
992754
323208
86995
814935
728393
333958
503728
513405
114893
432770
963220
931966
999414
772081
466376
483053
765085
965973
748147
518340
665806
273939
843776
29074
585333
957518
609570
116166
555423
476275
36808
64529
315835
123803
879464
44228
457761
383193
557634
572654
815963
37206
504620
331729
325640
487348
331135
607077
453322
79282
641769
119128
869573
485545
664554
454906
959416
274124
571072
31191
750399
607880
95720
66234
248035
975184
626814
705796
358377
184448
794802
690692
738007
815774
538774
579999
303123
869909
187076
756445
949191
828845
391925
818764
314390
56479
790022
790158
330603
877446
821349
597354
1678
917069
179940
249713
892254
806754
955509
766983
507555
750311
457676
761914
566085
996450
341913
385560
866359
528989
142005
331902
874186
533930
667018
704928
106761
457040
495087
437364
334486
832788
551070
336164
749858
247362
585877
158464
570469
57738
925447
594376
324401
383123
356290
406838
895925
214555
792399
278636
743544
934404
610538
134082
984687
277556
839010
91448
734596
850449
45165
585434
683238
112587
921598
433096
359950
23827
107912
446771
81565
33359
41147
405966
932835
397437
812805
345112
611992
121556
623749
871888
55960
750639
522322
556999
28196
361332
164800
279144
211782
209965
864579
895020
322552
302529
844468
198854
842709
468732
645625
924274
502091
203124
846593
951278
600561
175750
296391
728905
297306
436492
117145
869618
187131
639467
426618
215327
517152
591418
10824
728934
317735
391755
140306
156639
694284
501126
355494
53345
969858
517471
977620
988301
720596
340565
939580
837509
32667
752323
82767
329973
188815
716264
715943
375946
355732
658913
107626
389236
766683
118450
634522
84418
26557
291180
241058
237193
792306
112904
290539
278516
146727
268159
783169
383675
125076
239101
737537
157743
991424
820304
4068
696591
52920
720011
72538
925004
378925
696516
314240
145608
331318
948762
746379
357875
239942
503789
595068
548600
616693
885607
343468
279772
670118
126638
663448
795194
882091
400985
469289
389868
737641
473357
86459
790561
709721
675349
715566
604998
371865
546158
266958
703183
11273
13337
577410
251215
517126
172479
316168
650171
58086
175988
929944
244557
818978
109744
556103
701070
510729
25393
90938
764722
15102
177397
71635
241175
369099
787201
846173
740964
849712
629484
960500
860985
642821
537910
628552
676300
226741
461072
842823
284828
637061
289119
529385
456039
398863
85488
673461
425944
627233
280751
190666
642336
974501
262302
883511
343600
565855
246037
600916
415567
875521
77768
792904
34694
615679
421457
227346
842420
882529
70170
643600
35942
875641
689337
8334
274505
291178
681795
216801
918411
478899
407468
77099
453400
186122
476963
313352
268329
723000
914268
683897
114873
992037
993153
149567
124068
414610
376914
482840
813492
963436
126441
849434
839077
332130
374120
629934
623308
572268
846736
58072
51167
770556
651523
504567
956678
128486
817919
225007
367838
248539
425256
999063
756928
418410
148631
880996
349372
41897
363837
679216
521685
6630
45003
360762
338760
419123
507049
478421
991391
353785
536493
558910
124341
704368
63477
597371
832855
397748
338730
717045
162640
763987
232461
919568
698749
381092
316917
564473
939341
197106
760042
461026
203736
321397
338140
542496
740520
845189
537269
248264
715326
73762
807174
356019
294483
387004
469742
643690
301104
808473
360735
463744
88812
593196
899665
303913
490640
216582
384738
946333
413688
144780
923711
133776
466177
261852
192624
723050
623393
729894
971314
855072
320008
294840
727443
614491
198196
197186
258181
499301
5659
135269
479397
610823
244817
895414
914736
251810
628348
299474
198143
558388
444255
121855
692164
426784
900059
884789
149834
39804
131035
637500
411228
451043
448693
138672
581887
646889
335858
356420
662542
857869
491689
141940
468692
252859
37354
899780
504669
182055
199254
702812
740443
159861
341019
432608
586646
757430
833749
252832
313587
481136
406685
724815
448531
855378
863487
30418
18619
715697
386839
681162
89918
394880
339454
74962
647739
893160
974742
668760
75215
173997
887925
815659
850210
745296
764619
953208
502727
114720
206041
332666
595856
612726
57481
44387
984456
437321
591158
3075
669370
494349
200589
759289
889229
540043
834251
53321
433204
808994
238433
24771
499343
126358
356782
349553
871655
121401
302762
890734
236121
25155
223400
348329
154233
280881
392717
655041
234554
983875
174468
903925
994576
375058
179566
883805
431453
530169
453478
381009
855515
691912
405781
354858
818270
762563
220764
206277
883965
39878
97011
636438
65033
320411
984768
735618
117645
893837
390659
868551
394064
565127
288828
388640
456537
468394
788797
887991
514916
758628
269000
370431
450540
674781
725290
785162
437345
462406
507792
837662
502284
604803
990452
83669
441567
491572
819287
75564
901761
209946
460467
295825
291425
749296
200817
747963
734042
989615
635954
248958
748243
904954
619390
715135
96088
861032
16649
49785
323438
524441
887447
342074
645597
394251
425743
603516
885824
245030
679080
303937
971328
139547
599763
262753
405195
800580
527068
139238
306547
163022
904548
571142
584329
523938
286277
680417
384970
819279
730202
224760
343720
134001
566834
505669
44604
992577
109185
446780
753959
304617
750718
241639
960517
866833
504393
365712
667413
547813
21302
490313
710836
925851
61455
811517
449789
347733
8286
351112
683364
254840
575872
27084
905193
659059
49106
949797
167988
158291
396578
921948
979261
663648
163587
939778
530481
184332
305490
714246
248498
326793
204559
475686
252644
266015
287203
218785
130100
295489
569897
813464
550329
662122
356900
455522
837533
922358
921671
5521
80650
834601
443821
576263
498249
123761
516041
545082
824445
337883
259329
72943
181028
463888
548629
950024
246255
835832
168810
892707
647673
255059
222523
714354
433533
579424
686228
787418
501782
607900
792940
98784
442501
753113
191399
457103
876874
707440
2185
701320
561676
777866
774263
742704
758107
322893
209081
4362
675077
894243
413422
322751
149302
635945
37105
99188
731721
723334
886606
749856
331234
195898
364992
290087
949012
556392
263542
342238
780184
782080
43558
341860
559946
817822
600917
834405
657067
809998
838768
332144
704241
768542
654895
369895
404487
208353
985435
136209
931687
872042
886065
779273
584292
251057
585712
49656
323801
365607
391895
103986
147687
951805
445846
223985
769627
46763
58391
943046
373113
413511
275191
77354
182053
446438
447250
102892
654791
949037
239101
102830
337431
641518
882103
921724
408928
984168
487732
732729
349775
879627
836715
13814
831433
282562
237799
117412
845677
812542
576811
218791
742405
852002
812497
924458
814792
776099
543703
985936
725137
299156
88766
62568
940675
487222
500644
865955
471390
988377
598684
821165
384356
951752
834979
732141
750666
589130
849554
596343
918025
942717
331486
660430
311071
143984
101241
125863
436435
644944
111799
161572
944100
200566
224141
401127
687788
241137
267082
675530
229514
382119
13047
613871
333871
364378
346012
84537
953508
711918
197232
871533
654635
528719
48316
965706
189055
149557
607922
625490
794501
719721
303415
254953
436639
43908
656081
640779
285045
923163
316309
514560
821634
329356
644783
155505
693734
507147
240042
163595
219066
953627
551480
390053
998698
599796
872112
187753
749353
480034
329595
60206
199755
149362
831512
152747
193270
487593
793526
478316
927108
626188
509228
748743
955544
670363
904248
649279
177510
660643
329226
912928
130622
880706
302982
129320
480503
175094
833425
746208
171480
163020
322767
371235
312383
154279
40334
22005
158224
350213
16673
601684
976401
525901
350427
931945
196264
771028
97576
373775
948023
426802
803055
78645
823861
106037
207965
820716
797483
41390
566924
968963
720762
406043
856551
549497
76674
896885
571503
751250
247098
588176
352935
223499
630430
703362
671797
343046
990742
769373
233173
938765
712528
36229
533762
536389
142266
258079
873457
939750
815821
956733
425065
536584
362777
281616
602433
955803
694854
173936
707054
941952
278465
59989
681804
425247
279703
353601
768293
786798
639326
1467
241915
868206
37696
775678
920947
696314
33757
794404
152416
849579
751138
577482
902515
630267
375450
504948
586070
70304
195237
293124
528609
990054
869465
210413
415301
665521
80366
699946
452319
236044
701413
694234
104251
255461
469912
25198
468128
20022
335955
620544
385953
603445
714378
288468
233712
606181
309768
819782
676485
21357
629259
205094
11411
15076
931859
943064
680597
12225
643011
132916
248270
860776
343503
868873
632590
813415
410423
100718
349789
262730
237614
735742
866175
468345
540562
99887
590878
366683
436022
267363
388040
65281
988810
915804
596709
437021
858868
277307
965599
18231
926575
730221
395360
270078
599094
544302
599846
525869
161372
949635
788600
398986
201730
654775
383683
742292
754663
974561
108975
190685
758277
13368
772318
263439
929172
369027
700460
788040
162686
666059
322624
605614
396280
234336
875692
995374
778638
991890
521244
940010
941526
826196
855348
659608
480971
239032
401900
235634
729945
27228
942671
4574
40596
231341
268013
486120
600369
968474
790512
279407
150885
113136
885021
547166
347472
277066
58892
126110
268956
96488
582472
726834
922684
437821
386442
403656
193205
304695
155642
439502
331923
98314
444077
888871
329655
712090
374991
446376
196916
165503
242136
347802
794992
127157
894968
658816
920575
470212
301279
189532
566701
883751
916366
489385
321572
819161
409393
514777
123856
565036
954280
455779
179702
914709
861002
25709
626799
752345
988438
340068
917848
230574
687870
229192
874083
99190
888009
794659
569402
189288
500543
652455
73039
933261
658193
910964
752422
67586
942093
876278
148974
896373
848409
845028
327434
709411
387090
470586
978108
375528
810654
412309
122454
14876
641501
512889
114066
529510
307548
199820
718798
324443
368628
308190
257705
26821
219154
10127
610759
161247
402758
276086
573973
251167
637466
901407
476931
24556
371993
455039
916436
698999
867348
555242
713875
508850
68132
344293
554712
892032
60466
789863
216476
429094
98053
474181
455915
833559
660
583026
511158
403418
859112
85131
654586
12931
502891
647869
37487
391236
102908
470276
90236
486609
25518
320463
511811
93650
664757
66523
985683
241575
856386
718511
670669
470791
709044
642936
304350
709704
225962
815509
113123
601427
416992
284061
614358
436235
931930
168197
343824
551190
638473
950412
37799
180344
270875
549610
273994
451984
132486
776029
693559
988872
494540
364228
976016
719936
523516
280366
429641
749479
612227
59116
867258
545572
859529
481616
498159
307811
166165
841983
859001
804639
792395
413153
984983
579623
479115
775329
547959
611601
67711
241519
116826
78603
122099
92842
798540
645616
889560
744533
911447
18140
803649
778705
80064
663178
776673
578223
487341
942838
936559
346342
263829
245306
275847
765164
824929
271315
56846
372889
399268
640909
130760
32446
719512
769211
641640
34404
931179
531201
778937
358978
65693
582586
654035
145757
762116
430708
240332
249457
889899
176891
112152
670080
422198
904351
951597
763479
175666
8443
652720
574935
649352
299832
607381
885216
69044
249022
919621
223
296575
698558
875554
878620
797497
529589
24377
559613
960298
781061
809071
366549
474305
437575
552981
896503
341926
504578
176334
517593
513021
829055
608880
678725
128887
216261
563942
714283
981635
999915
714507
794562
698473
106413
673182
495970
636002
213911
571936
596300
994973
381007
479201
469278
334934
32183
882133
676860
536761
58467
710805
566135
403874
319685
761212
532762
52299
841506
247045
550286
841421
477904
344849
539895
584317
18031
552217
220320
231943
124153
332972
226916
21512
328526
212546
356446
360709
94679
549659
413822
669498
260464
496309
73373
96502
257522
606135
665153
99028
369532
215439
456802
363789
560288
996697
948106
578320
548914
684778
326615
189420
534103
69883
210932
862629
282429
567379
739690
893460
633390
669864
562958
893854
682526
636331
506708
940048
758818
171861
555428
128351
387301
12230
492140
463941
525279
956598
42261
590546
157729
885228
779966
691832
955111
990898
70813
237540
74629
810503
131000
708019
996719
693959
118226
679245
846642
624934
135645
605461
796796
691074
250164
700449
219656
