1000
861451
657836
832335
322621
550803
305494
553096
14010
519683
956721
84670
991739
474790
383775
835899
591491
743739
264763
482506
667734
89349
92135
230995
975986
427287
472111
552112
840523
566286
487029
367488
944089
144865
199824
266710
695668
21670
336158
226031
57705
809231
827053
49444
800374
210828
885343
908217
954567
666458
390723
138653
755808
482858
369648
731794
910145
358111
283906
750668
924397
770935
118157
384839
432152
834333
167901
644172
372355
504060
870203
430060
829643
697256
995856
630017
424436
397551
538235
895355
64009
928958
34009
819817
411817
920009
67963
838314
278121
868221
105335
718870
155508
223492
103709
104012
574177
271611
748185
462884
292023
134740
409296
121666
348349
405152
751684
772785
802703
806271
184493
383064
251581
734854
202882
179750
654863
787197
18065
932984
171771
123400
651855
327279
863244
271916
431292
953773
543527
695829
416657
835550
830569
342305
473569
695270
747457
225253
468056
66512
547876
168901
449576
799457
903755
168810
495560
558618
472360
513625
7955
644131
153377
176162
971410
16621
448078
919054
486746
507958
614883
903403
343508
961805
762060
817077
657075
509517
558682
641483
92381
622910
810384
58309
938720
714139
227120
434280
789110
215832
947905
797065
859963
617634
489579
831373
634255
937657
266780
637353
445615
881663
57108
305476
359820
819168
638905
16896
845037
713940
174731
937418
336850
985116
995727
791922
215607
739199
226202
4717
955031
690459
318134
814994
308093
324065
162720
458700
261723
429500
96053
223690
827515
153161
45518
703688
972329
684424
720584
333718
914716
411667
271136
767918
396783
783216
559841
128743
38767
302395
649812
510151
992855
484299
841497
817300
808364
4217
276001
586439
950069
888406
810130
293937
557920
855648
997625
46601
56424
234561
380320
487492
646228
167808
255411
559364
951024
331604
688107
989792
633999
337919
16295
143206
822218
857792
960507
630583
378362
752860
217022
328431
157618
543504
138720
715538
915505
136345
278492
488281
370906
658812
975774
533487
826620
747537
92851
293997
79141
780958
800141
229492
635229
816436
889051
457448
674228
849558
604383
52590
118770
337757
897374
276388
881262
36094
508279
313119
172440
786771
801400
59698
961935
777174
109537
788555
524711
202388
82552
120204
499698
882693
866049
134928
699129
755100
108728
889710
121010
713111
942300
239780
567220
839674
32520
448482
392121
57151
277953
564561
360274
79354
140611
322209
856528
250149
110765
897592
968889
709669
534148
468588
108715
400197
603516
324196
671649
228596
213906
792659
458059
672559
548791
25279
28585
581312
990114
420706
154815
268067
501619
515090
347421
642231
837299
720302
408732
464416
617894
377621
174086
668394
362561
799153
68592
482429
123349
740241
711025
853608
49253
169084
526167
598044
194364
554752
695708
184478
975459
850524
968897
477078
881966
316319
635661
719265
36621
44393
700034
170867
938367
390472
839261
300928
189625
424205
783358
312974
680799
494383
166582
730052
179820
209101
328096
374184
763854
540157
75014
739313
390681
43911
732743
788999
876582
368405
508264
913203
929150
208298
600422
867517
115122
439684
684798
304747
863889
468156
617722
61040
478891
300656
791092
658711
509758
635541
549247
789964
175698
140613
45629
82731
184525
778372
871730
61107
663129
896346
490663
108632
620997
91085
976149
736119
47121
660947
40867
427363
645455
174941
488403
640699
991949
279496
299410
501707
915037
365010
808023
90735
505623
853652
689818
690148
148377
561548
267608
811506
457894
274623
920138
78891
365708
412640
331363
412830
589939
372230
840193
751747
63523
328596
392446
55472
124444
208208
73532
39481
573218
881555
646568
78842
735208
336386
285342
399937
414286
69302
211443
872181
343925
647934
467424
709634
576926
798787
638816
683217
687369
995361
434964
750892
840309
827410
806365
964754
551971
396249
520587
125189
277804
683508
720383
529364
536246
5726
929301
950533
75028
657097
339066
935306
821383
322842
161292
398309
637982
800108
81526
325351
311821
32843
592596
668482
376605
915313
149588
928576
311562
670176
570118
589366
870036
290501
118731
406282
812579
564384
873167
887608
221481
212233
339266
42864
535076
500558
957525
689410
817018
555404
14761
128839
588247
123709
797321
964852
39022
946910
409781
350584
133438
979899
456303
519826
270400
91386
926108
82980
172122
799276
486940
393604
527861
826206
952820
579289
843116
910346
268699
660134
982102
283461
788973
570349
923522
102646
51553
962545
565908
461334
829481
215698
957585
802136
735524
744338
409874
177985
343670
581997
977261
830610
975601
21474
173168
444773
600764
16284
871471
869463
192770
853573
669276
981743
940274
592799
600741
991828
71696
683002
969514
417529
415052
927100
219666
150577
671438
145892
328562
15108
727889
822175
362070
219842
843649
51590
664616
444413
584226
536087
830229
776996
906013
499505
275091
846287
608656
392184
838115
680352
75186
323982
614234
490239
767434
350252
157168
955224
496144
485730
486684
224034
824257
848754
960228
184258
416696
624844
145024
922
677284
975253
294270
583297
474758
569361
945936
599767
961545
784052
796471
553084
624386
410705
559675
391820
760957
716843
347044
773454
718925
833728
513840
543182
198834
474068
243792
615530
98913
388816
132804
292549
364069
427074
392198
355180
996435
338134
954947
474332
638538
267770
543768
262924
678476
103443
654744
955785
820286
518140
729239
55563
351868
243079
115097
550702
233500
358890
682584
848765
747706
815388
141314
628128
242462
49864
983308
755249
387998
454607
745934
26537
722377
289702
805813
400853
393146
976910
872991
729784
495050
118582
785348
363271
878014
416797
430325
111514
775687
112910
960279
39746
444650
101593
667874
687113
151457
651182
958714
55807
622141
704648
598696
344518
994351
404510
261724
903849
381420
134715
633633
876470
253297
935333
756093
131311
352131
186419
242825
127818
299329
719456
167564
743979
821049
351790
947444
488858
2972
422511
61018
625113
127159
659714
485984
637862
64224
747708
541711
961996
882423
691697
354819
652072
627030
110912
299736
979161
297331
58913
623332
113012
778370
307248
856992
115771
659039
320788
120982
178363
743299
182000
803477
386811
841714
805813
24673
422291
553521
82737
900639
952296
774434
255458
604368
917816
366371
420456
413330
180054
479370
36662
293067
257740
860262
666411
373511
519301
503551
494493
214017
246851
192845
533846
633662
550912
339659
174687
973203
893180
773776
873842
845476
64562
645653
966196
982379
528376
386653
395709
708430
382375
948723
517849
640115
325337
700612
529978
360991
204164
540824
575008
451015
733669
108854
601029
284581
448513
292068
774136
858045
65845
647979
703521
130407
809984
186069
629138
338360
89074
24847
563142
471449
489922
80992
627916
331612
781604
157895
692603
502120
698719
267611
953135
948740
892817
70516
233322
341330
362585
7458
199375
944782
171789
419248
75189
981773
121669
704328
836485
210744
