100
212136
137525
249676
564606
873899
177399
953977
73420
387181
729719
621211
975061
326359
483606
350746
56882
411411
564336
526521
796521
496941
18915
395187
124944
694311
649213
486719
185903
223939
390153
665793
952428
527678
915469
33386
917930
609220
987363
507702
996401
233434
128913
971462
76145
128871
838561
649379
540282
919249
175900
853155
416190
711167
764694
57487
921831
413907
544206
107734
154199
934360
289879
622979
978390
721701
172717
412672
330921
676432
920374
327323
909867
565639
815137
502364
694510
653698
151744
751144
572947
843996
120651
505490
555164
401698
562977
993347
331957
623535
617433
2508
557895
907313
625487
52638
629014
314556
465310
476287
990989
