1000
396779
329611
419800
505368
404591
517636
58817
340310
368840
813330
39392
81090
227214
825217
67311
712743
91354
965645
835444
989481
158192
218030
514517
161664
324186
471076
673759
737114
693445
249218
652839
90225
578829
72640
595593
983420
590276
654410
840083
475468
984093
879475
72910
211307
221044
140222
440402
828750
622219
792199
818232
780411
10229
332749
458428
334415
320177
132187
587882
13622
897757
240721
103847
476587
313361
215792
976359
419989
386555
816442
411810
370648
212269
484720
98307
949666
141294
538709
778416
763514
330908
113000
60277
857489
962101
518705
708257
282278
167245
296139
812253
581354
53212
432452
574293
366574
648245
67005
302915
551152
399799
714725
438152
612069
199446
536459
78087
340740
591520
372855
620606
438781
485856
680884
812622
964309
715941
520879
246588
399538
333370
575193
980893
386583
7645
555186
269509
172242
138543
88776
723394
538343
803502
161546
666764
519300
214357
744851
376392
322230
117706
513351
761011
119914
194235
89985
84224
426528
610865
847164
826067
460587
422357
323312
363522
430002
394850
149383
118597
533394
238160
841991
71737
558014
519890
738501
593666
734247
999704
486410
572829
117410
999761
850192
753677
193996
940178
354253
136877
67395
201417
962944
527982
140126
802608
407857
86480
197458
557240
205077
730852
311752
47069
318941
386118
83311
57442
979784
333910
57146
466195
906740
690909
465956
756932
960938
176305
697110
315191
313182
280857
32960
792478
325192
173086
595086
733049
775918
308896
806641
980996
39749
634746
544417
875042
20864
627728
932485
517001
477990
505983
499548
384730
196892
481856
658015
674182
174513
871477
989373
487695
152335
538685
796525
477527
228123
907963
726928
4042
216860
49921
501390
772961
684667
45807
648003
221884
189887
580488
255237
184229
602824
754785
568960
799716
752993
743327
990251
927507
614804
495976
931554
283491
34662
728080
761018
262785
636043
4298
266827
369255
54220
768217
142216
738887
330376
790220
477123
36615
370708
732360
220845
973532
487145
306157
289601
240139
49484
796204
683998
180640
292180
615552
464132
326842
859984
741502
589628
12380
745801
372807
381635
800021
657377
523852
55260
504105
314072
532384
540721
201132
781096
277918
691017
268242
584075
496970
24733
149911
293174
708731
330551
585354
840635
794683
428549
700620
536186
534529
713000
281987
907336
94635
598360
564713
134839
169972
585171
448911
218708
125892
166396
999805
920162
857413
784399
504237
354383
809132
170500
163909
34215
501051
265615
391202
295735
694164
91822
348273
228693
321174
146612
136030
932162
261324
217095
67001
431296
802266
32265
166357
444510
198661
166162
364672
56074
950561
385261
926809
276045
555761
90718
826612
56813
356333
217814
868900
50498
825989
733525
795543
663515
880137
931573
595677
141461
665021
179031
89109
983639
211296
255466
428150
409957
937980
309174
466031
888541
694436
909192
680938
766549
999910
507550
339714
872595
241717
208614
439445
584058
458491
234989
247573
338628
166562
359603
996441
347935
538634
85551
331575
749930
857369
276077
676239
795350
101603
658622
200243
796039
567814
397534
78941
567724
421436
418655
956671
663153
143622
396117
763563
602113
631106
11137
940742
314020
887092
453535
178308
425726
539086
509883
692008
912808
302312
368247
224510
403915
26869
424753
716307
111035
338639
795248
195111
760076
213903
151782
939581
873877
547899
703145
475991
695357
230634
933085
525730
117726
386620
704038
59804
442059
730273
751812
354867
32585
636411
95729
952852
179632
36834
669159
290667
375474
980759
485778
135550
711015
153912
75131
584892
701812
294628
60883
913521
525262
993968
439251
642988
896941
143289
702792
339000
873562
970956
210219
422499
123719
305948
375352
819703
342782
560863
110370
718256
541623
112500
370158
768990
266413
445290
353882
484577
739918
931118
914450
781533
925086
353702
940873
822027
13343
160018
677379
403258
130974
887598
342109
771046
193546
233813
590749
536329
794677
217472
770937
852652
329972
141096
621642
112737
102738
491876
113666
359008
422994
28117
140541
348081
898171
81415
686460
911514
241433
880192
831124
888759
767790
173234
176157
961337
407047
766907
14018
718076
984379
301307
570728
830703
442403
708722
459793
61493
200599
573459
420502
139945
117928
77395
488026
16099
675162
690839
443966
432947
571031
275090
838059
855173
448324
14216
332862
371724
297475
863232
89800
281854
164540
176881
628910
123295
885603
605055
184789
602554
694866
121643
742500
812795
199038
746878
345246
390553
954069
789212
823500
41452
580655
661559
896626
545331
192128
229488
917055
489603
609073
523208
287810
773613
700089
916720
413260
102044
38127
598049
220951
732993
236044
479803
62140
951435
226681
407387
341988
697103
712951
681840
738555
809958
343400
151533
355290
535528
897374
788697
25131
506447
311905
312941
796412
528346
746013
209672
630391
300492
324074
367694
33486
560118
847497
95626
27905
74178
19365
369893
287633
248669
568086
542541
58627
427838
694074
413917
963366
107800
202615
504849
130599
30872
334143
927011
559219
596508
653036
705962
897001
977110
73656
446839
53580
921153
58817
81486
511683
594535
967731
799317
843204
535817
341858
901831
963655
552284
832101
443373
176437
34716
464575
307036
581940
315070
234048
141159
427930
403436
363473
841283
380546
437129
288122
950478
358282
863292
548316
386318
457827
32400
185635
301031
84569
43845
202862
564577
112481
34963
524302
288918
586031
988877
595955
684324
820299
346355
341835
248230
749791
705309
89513
646689
142438
893988
113519
17073
757280
661836
403391
215107
694236
105378
32490
295157
149223
751704
859734
261704
303020
384037
550623
889051
889266
662930
89727
709566
9285
431563
474148
275428
136872
80013
438469
279310
974001
551988
812735
247633
213824
732478
979092
424412
837856
11582
719570
987079
763287
95656
765136
66307
479693
832111
471710
885312
495041
561438
111230
20678
993001
585378
812458
129873
665391
250927
925535
155745
802915
254623
403378
533092
987101
382471
473856
824958
910405
709778
328389
673692
805435
609877
739999
801480
441988
728062
686792
453381
289500
798022
990411
282501
899752
802869
928726
81496
53796
370613
237241
373064
625236
156971
422508
612338
55794
896364
953648
966200
606143
282037
639892
927930
408267
896244
729410
850255
624306
932555
819989
430158
246929
810400
229011
146682
129622
157737
228178
699770
528350
981771
72834
669939
138742
495342
282277
710889
908059
752277
677089
514202
550666
833333
958484
958933
245929
687894
325541
386587
136801
145530
816745
383731
472282
45756
46765
118256
719845
791295
818027
764548
773066
407213
434487
428160
902556
233116
139049
810615
985393
332490
841169
52411
682176
799653
11345
928105
3899
336886
831045
140701
998768
164142
40784
987402
209899
603901
105659
446096
395196
440038
210644
168262
847251
161483
112774
266159
910951
768176
76774
412696
100666
434295
465108
299194
233948
