10000
25932
541045
719214
9756
873928
499674
442480
414970
776410
711581
879301
898406
485374
787776
165198
940882
869548
528619
492204
962584
957994
54619
390414
856735
544513
182942
312267
974924
67171
222971
442932
93103
280368
678498
102860
154296
694524
545340
85619
470935
773273
964920
369341
258647
269048
534539
199530
138596
579510
208086
101180
53857
779057
491594
910592
323570
190888
739211
814847
258060
962182
257779
351163
242551
452629
454023
913199
663506
515715
515170
134441
288988
480090
20134
63988
265490
71025
779870
404086
650536
987956
21618
704393
283365
513212
131337
606935
704101
870548
938134
478513
349083
712265
829676
107986
164895
283700
537537
828401
799415
52708
479194
604756
532798
499328
668744
314641
570353
448614
718727
737241
952922
740346
441634
236287
769910
89323
359574
990363
476224
297709
468876
825307
9974
298553
449645
691221
98605
987182
35974
414372
39890
515168
535480
89041
14496
204224
403682
101202
169190
122409
838443
638464
379107
796430
391103
149018
885753
750678
655733
361977
564739
124610
703636
91065
939515
153281
782287
554472
140464
818261
968844
696706
849782
20677
785747
380630
224901
189429
481832
910444
828191
836628
548908
207298
633058
940012
872668
35163
207042
44754
913493
288133
685716
617129
379198
625231
286763
677837
696055
943579
12451
181251
640285
862233
201928
426033
242863
426830
131814
241048
853626
960005
77676
402534
683656
227086
858898
72676
778601
582292
117430
692094
870425
803146
825576
249624
944729
628691
443813
640784
572270
456264
822036
728907
834849
23964
154940
77713
967146
286755
318761
820772
763112
912789
739659
963120
656227
114909
35797
434828
697202
669579
643275
567627
472726
985203
333603
933807
613894
777417
574592
702516
233681
912980
431423
68531
936944
102716
662596
420443
905823
497709
241215
668935
926850
497226
632056
583077
612136
184205
534257
825690
853784
177532
393317
326510
162735
726921
776670
292981
20690
351262
995497
254371
264242
943273
839254
717538
45989
18202
137981
951812
32263
895549
137099
959113
392775
769155
58542
521263
469712
592800
346953
323497
286684
256623
166359
965772
499896
943029
258753
520586
294291
770603
291309
74885
713876
646916
792424
276217
665118
930405
228029
697382
342306
365128
172847
251434
650636
231390
772697
120348
824190
636003
443845
627226
408978
126557
592998
908874
69586
851752
429460
880230
138707
720769
955115
852583
367685
263891
128800
549156
710649
873181
762890
52955
754661
935737
304389
405297
167127
593439
41998
507669
229442
2195
134896
154772
128752
727894
63646
714691
95998
9458
594921
234705
730227
66388
603640
614265
330280
248792
679773
557281
121973
442663
610236
392987
378400
914626
314636
61880
24417
872986
569549
770211
875182
220797
924983
520286
948692
988629
234977
561042
998087
346250
795748
244666
928991
915740
375283
259271
164533
55056
332904
802858
497719
943140
712197
392472
374118
26834
454352
398535
899820
540253
168746
291354
761051
93729
811641
226095
598710
562970
787137
113149
909221
99237
357816
838212
14978
733099
613835
695863
304508
946739
15073
318579
406231
727271
711051
780350
754105
681755
695237
170277
222009
380336
461632
499412
990417
273273
725507
589128
836243
28996
702277
261816
128234
576445
616380
659564
825897
746567
355427
130405
209658
370500
448984
615890
614123
676388
912592
368228
358143
607829
538506
96504
988165
516490
595916
494935
789763
321423
84063
142358
866772
302692
920527
995006
395490
53259
654570
221387
799827
526349
868144
9485
413201
833480
625375
27325
509868
537967
911905
384364
662149
966763
480868
166666
483253
76785
661601
789368
914560
262016
931727
781332
81061
368606
292690
476551
421865
947260
214290
221692
989961
598786
231178
403163
432266
372905
946840
942135
427225
858745
326499
89374
825509
807367
772392
825114
400504
950346
614483
831417
212362
546210
612749
809775
914816
905440
802678
853033
369052
16968
74726
359014
615754
822256
278529
564373
195161
225369
506508
138738
84114
349359
744464
425975
673078
516857
251090
73583
467203
865573
905000
195917
928135
34101
5693
842951
939541
808371
695984
824946
341692
287062
183960
473798
109318
978841
38171
820832
204210
61031
475922
288324
410390
220387
230652
83469
253596
481742
673404
720799
347315
94756
433068
275450
645209
438761
634753
101103
763485
847089
926049
105177
650504
626361
578975
759822
605202
133499
97006
809412
194530
572929
614088
604921
309668
844740
204742
563264
326482
394498
800415
190149
5606
233483
465599
650815
188597
616704
751918
952082
463794
677967
573611
114298
820680
152586
390472
425882
802437
3831
751646
996968
93112
365735
118241
402780
726827
322983
966044
569662
233833
766459
759811
239439
999942
741763
406606
188539
358467
158525
656973
338613
352844
230584
969263
173525
899523
876088
115759
701960
879919
383758
698928
973031
265845
817169
375811
992672
656504
858207
562334
890337
624666
838498
646128
140960
580261
52735
845852
938728
211260
502825
793694
80456
249762
762957
770333
149285
155397
402445
851245
35316
786203
66526
524699
52048
883695
416862
561072
56552
275069
123407
946889
416087
961905
593018
557048
58518
162105
919252
997246
889717
938429
307292
970173
188191
70250
256859
853828
741999
659304
705074
777316
445507
287952
818367
13907
171647
235230
574979
228199
26651
214738
691441
442739
692995
800811
516139
751513
962916
435391
265112
368985
373820
572404
339158
78364
159006
596017
932192
901006
255321
153618
678322
217180
441570
13041
231087
613218
764623
806067
357769
791275
20805
565562
234014
713801
882725
750153
981666
361993
701896
246778
730978
592068
819183
70137
670432
978189
182506
602625
879195
954180
756243
73869
171360
197814
603263
918800
327384
367886
724867
201505
159161
262024
283420
909527
492177
166145
176032
473844
528139
877928
720622
259117
469997
56157
845606
656781
34347
28113
775758
429894
498645
532002
20116
186357
246168
623379
105157
89904
991265
346376
807761
150427
608401
91181
59954
616930
773679
235987
607126
301818
630267
327749
77287
616616
900258
922894
273398
450957
467359
565508
880852
966004
613862
417320
668713
860030
40699
773871
466286
31964
120247
790400
698743
245000
397933
275050
378283
171612
27389
985409
989782
174008
313158
67070
790625
729769
989964
580375
180726
973675
145883
577930
456031
759746
995250
124744
136128
35949
414967
118767
584266
535215
909167
799361
296567
823452
74411
674850
995065
618152
660260
984847
792161
489770
51917
582786
219539
558233
679513
916618
48260
825396
494548
504291
101494
489799
145388
753975
42100
560355
389094
142718
611922
814613
942080
424842
638065
16491
99692
633130
634644
276304
134330
426805
282427
702599
525943
18318
260833
205456
934936
825445
547204
429485
329737
165051
435636
991477
435378
477736
551832
824472
136807
163755
639085
78887
588597
277150
95378
204641
910281
246374
480946
44611
189531
763373
747210
231826
781691
524395
437282
232980
349841
500839
178817
195930
665890
614453
187407
101268
608541
255591
442092
745348
419346
81177
824235
524295
358327
435966
245289
784960
198692
242587
345923
904576
522312
609486
136402
820355
650233
573685
53335
516426
590876
232152
712356
773118
362957
416115
390738
971499
671707
832830
233199
607405
914007
573787
648053
788686
9753
893342
573647
724797
135929
435922
629373
658241
561760
765776
994948
211994
855813
48284
728420
446689
280436
957129
219807
643394
889596
610545
131245
77655
443375
364444
685061
873734
938231
849466
662420
464336
742808
752419
189134
395089
704694
334859
569682
266454
100635
564630
994800
956448
129266
723221
919489
926055
196702
655648
85801
602650
266193
217046
680306
225920
97842
365367
99654
552426
731185
278427
533114
990345
547198
238600
901786
251892
573460
471468
518347
190447
552450
513147
663248
198069
752720
582737
124124
465774
238386
209925
68425
20931
943323
748731
246852
557517
630450
862858
109943
361635
141285
643058
868332
688484
881658
770118
456728
971470
757938
975075
161918
826740
4575
825166
24809
273647
924255
148933
739422
162641
875210
807847
699925
334885
72930
946777
892403
703380
325987
518698
581367
983625
161756
449699
672109
559767
736169
128837
47589
494107
620265
209507
320847
141192
551025
345657
414839
475281
10942
154261
154274
402505
478460
854199
737390
67742
317328
629793
287474
643316
148492
868841
626941
826600
834892
815402
902719
571061
460591
950309
65168
597208
676168
902368
738400
227194
248025
153240
218827
775319
823853
373101
177824
302314
743653
915215
370056
577333
61360
657531
737001
726204
42724
880294
552805
393969
695696
971876
481382
672640
922185
62903
269848
598354
965271
8249
341900
729648
677841
560727
504967
501694
450180
199144
320360
193833
114359
690417
771167
692071
864300
24520
418276
423376
904815
487433
817345
600511
459309
815080
789503
897847
877983
59352
496201
843254
583953
354453
572902
261794
915180
594221
763488
365360
793365
83849
75546
424076
290618
363065
116148
671270
387585
50776
610998
292400
54561
944696
409264
513870
759776
198767
928069
637759
258119
940622
997365
358424
295075
86619
620218
210255
680840
900059
91968
990558
983908
167514
414634
790878
530579
47134
978500
434516
97910
589498
726917
668823
534194
136181
182694
293970
851300
627115
448081
625772
567738
445446
984196
862813
532065
604415
589421
729258
504474
197741
719816
4734
881607
134450
311964
412186
697937
290464
363054
795847
879962
89971
464671
930509
742504
163717
740831
593805
307184
188913
219577
874922
150711
720125
254088
199129
324540
359861
928387
345366
557602
648203
866452
439209
299005
178416
367747
996942
985232
730801
309142
381547
337125
290165
312056
79629
970234
52887
673434
277418
758152
409363
668693
908864
129489
922781
107993
970381
282642
552732
832100
356596
717287
698552
795805
532644
393321
679904
529587
378553
410705
355081
760100
747830
161598
588508
343812
131832
157748
533598
409250
915900
942962
594295
341116
588803
517076
965461
559184
316070
518193
907636
672666
235480
606189
984823
768125
515862
664727
814064
410767
75433
685497
170868
339615
847095
275728
683427
978927
433476
217026
904529
349377
676340
498825
206845
265143
532253
172307
340679
848324
690500
248316
37342
442333
370857
22166
726810
886719
686893
540874
297486
278678
226371
984706
618294
589818
260435
818073
568745
210263
35099
989626
75992
227791
4803
282838
492934
537057
455145
349966
901733
145645
598282
939075
104330
485491
477593
831140
372210
680839
372014
186048
475869
114737
687107
94163
704555
463894
428589
789652
674157
980040
295631
750150
207832
300434
32988
700766
353843
4485
567084
771928
150130
165366
227356
254461
167209
704949
85601
55771
902140
973968
241820
378010
605057
445279
988525
825965
909173
417114
131969
99682
397155
427600
849832
604987
244387
399172
822105
598230
403657
905542
370159
70140
587260
113867
840953
754470
818816
442906
810241
720957
933226
568413
98967
538284
13692
87492
880601
922865
20959
12570
22548
934466
956523
388732
539453
200910
304257
877910
315492
707914
783452
202003
294406
370713
315870
651711
641535
134687
94618
451776
371996
27844
20190
987315
82480
33882
591159
963081
473100
612118
492004
12000
546584
448527
400732
602389
649437
704989
996652
964929
929256
296456
683285
740014
183521
999155
391726
825056
650194
2696
276833
22190
30540
813375
525857
629373
363609
117017
108806
836709
245487
600810
848709
308424
565689
765794
427165
215126
987135
940169
696408
432743
236626
379693
172758
936499
895200
564484
761556
545395
83532
554741
567585
114072
368116
609795
259797
731725
243164
884956
84787
5003
485766
449848
313427
567808
215642
256945
299286
202778
197114
995694
151873
950092
891739
324631
402944
303292
405467
164500
848687
488999
235593
932624
119424
120061
542419
895573
368138
785583
780529
452925
790587
782648
419126
620366
350456
634768
393663
649742
353898
107130
161789
505772
573574
569880
346755
976518
873172
752223
657370
721859
757574
892963
654484
876998
529376
713255
772572
897515
15191
553101
866792
322130
852101
285918
458848
202557
437039
852512
368652
307289
959642
530441
329413
49568
100321
676169
26087
489846
944744
683457
211705
702318
92773
382541
579317
138501
612149
868241
36016
627340
937694
419161
949470
789796
221431
408318
508705
174822
777182
877357
482112
253176
924150
811525
302745
24472
487694
328832
30670
432438
528641
242375
134757
137766
141269
230426
276268
753418
615019
828636
897110
69065
247797
846580
375213
985581
771250
883919
160403
548433
761276
642515
801609
685427
970393
104354
226251
458087
949538
256921
406878
994532
15648
57987
132298
673269
804765
924918
943039
419784
753555
840149
5201
517704
686729
380415
503285
974332
264334
180041
522765
541962
822556
840726
743741
792949
945081
486344
767389
410971
259617
174267
405503
791618
748606
537802
464887
553371
462720
407927
489507
732627
764428
494708
250332
967510
875123
269969
941842
655809
450010
464607
197772
788919
821685
457865
98220
766766
944210
865609
177738
720179
556228
583241
511797
304834
637395
493037
374557
616468
417316
864064
349095
181744
358773
115779
149254
750248
385749
91096
406058
352111
72055
120182
657382
893741
578047
755603
176859
38609
137564
870949
758789
693793
970543
786938
514979
607938
279975
889537
740758
213643
269953
89854
395388
145078
721985
60994
895327
624086
668443
301385
976198
256850
937919
633580
666943
515966
905535
843803
70928
43100
714752
346069
736893
685295
133007
768224
809586
929335
657761
550344
142978
927715
156550
54718
72793
878536
115713
484472
502622
784156
785857
995172
557358
723776
628753
224302
756095
50640
68105
827023
93740
299209
173092
830633
500857
822451
598858
826795
751786
772971
377139
411117
217038
533690
465835
806184
928578
97900
290656
431200
398408
592866
942725
955767
832994
87830
180069
589089
138470
248174
932464
232211
63735
621908
579196
564592
960712
694406
907739
712498
467378
284879
639967
684416
334921
105803
6952
779851
720055
297609
211051
118464
890475
153776
74231
723469
757958
254300
828911
896429
18826
277727
128640
598913
899636
707836
679858
860348
402243
587597
89198
385973
388828
729166
586741
723749
351321
593694
503600
71376
891303
231004
706192
781778
901132
296775
21599
659091
67427
366862
555520
602605
644590
200512
201519
60578
908348
881377
437278
826943
985326
42828
212916
374155
771994
316010
97904
639667
909704
117857
227396
801007
865213
449940
99137
282697
746716
637088
941788
814143
3951
13660
416749
648541
214172
618268
225471
638873
15997
662749
982168
1323
705577
711437
891830
993924
27447
506087
149943
937151
623944
377339
254510
5509
343632
869999
288206
90348
507087
746347
904491
511038
760007
837592
675931
490532
972212
901402
645757
988209
80503
144277
505885
302433
855714
397715
812709
399513
903802
962652
853016
44098
856344
107526
49607
199976
977525
854166
290324
965
600513
711167
512003
876872
548760
704287
883756
520972
122041
529513
25534
202545
190143
531419
21330
562209
445486
834039
961723
865641
796691
331091
909739
653035
438618
475699
369363
932495
329865
176039
933460
446730
887207
961816
323602
952319
666103
207359
473291
788144
253224
15177
507041
443367
62948
44723
521929
508435
878762
483652
374076
675454
331095
800167
844841
769713
792218
730557
218561
638435
906596
668373
85165
793803
630189
408768
746122
812644
132479
735766
117141
385703
750943
624182
345423
813892
668906
867352
838679
64020
867356
729107
739474
198451
529274
100668
484517
837845
831225
219430
476280
254173
887803
561446
47977
34345
486566
310451
846989
135397
562569
964130
37452
829865
104665
382875
160109
289923
766579
998788
353943
150287
244247
609770
865091
773521
710438
865960
127718
58015
85390
603999
312188
973193
681797
876517
7538
684715
703321
370880
820112
782242
335010
857564
612107
439675
756792
772216
245950
39723
287356
599894
706363
531603
209664
571454
821477
436454
437414
949195
10821
522804
69546
839361
12349
751343
715879
536240
952410
935552
907120
772522
717794
758482
146439
329902
714510
903231
618470
960460
459306
422179
560354
165669
953782
286370
737123
291611
722824
690889
240807
733645
730045
826705
573007
742395
94401
805238
794987
46811
740790
218459
819334
974936
493293
482125
821190
207803
901708
956013
684616
361014
378192
761322
526684
331974
47693
780159
139938
770517
471049
380745
20515
201094
723802
593522
459841
818203
915112
771180
865015
172254
989639
200701
147190
482933
682826
484733
207088
584534
440746
891704
461900
818938
653027
988584
667264
217072
285096
807202
987589
272497
704299
524456
989943
428102
634330
449785
246305
549442
220965
627672
721696
726957
828373
385239
726242
27551
869972
933330
128437
310718
341387
590338
646008
510766
95274
313272
727838
380370
120475
715427
652867
341126
756236
642811
769228
390566
608948
15534
940009
346265
643206
178057
73222
987932
563296
315816
15483
949620
249147
660273
776690
590534
250611
422698
101300
345885
735971
829138
242608
372798
60917
895475
713924
333505
54638
483153
724072
179938
15039
180433
526204
174597
358490
115778
678881
438139
431595
210717
387759
197094
870990
680802
787628
121601
103500
405280
983838
839471
750770
226446
728621
328039
638274
442546
661545
692912
442051
901969
872851
973442
82402
915407
664391
440892
31185
343273
395383
979132
553990
299495
176226
424980
980297
480206
62933
83797
885486
46771
439621
152608
273218
168242
997000
427844
127140
174897
120756
85543
76866
509959
575337
159268
425366
239729
600160
972904
583002
995544
952036
136992
811391
128263
78324
791688
608469
141257
875485
10308
704380
315106
162916
493950
999701
676268
921794
643193
851165
42551
728737
928031
68862
304074
87299
10581
60155
203812
983485
643157
715708
451873
296501
527099
580136
891177
318787
704958
32434
710624
715266
253167
25731
394534
747117
541784
587155
668912
184977
438320
227815
430066
366352
296677
250493
970003
823610
310648
173815
323447
470158
405875
775321
766659
449326
871809
657837
768113
576767
206623
478738
808385
459790
20821
719272
723260
562605
306427
392172
263934
744747
619987
694001
627451
433016
460846
597455
772979
771494
287622
96426
758004
209850
871747
524664
659176
743557
698853
427290
836676
421828
422380
645062
881619
959553
364334
604879
38510
670761
513403
302444
931860
649742
512797
559312
599110
489995
673119
372089
261490
960741
468516
19494
170591
856615
60510
829768
600172
275715
773410
436849
697544
712142
598263
95515
671695
478949
216746
710205
149710
730149
529001
597922
896243
41799
157234
495353
531794
830353
383795
309636
307447
852311
845483
478038
225278
422345
824158
825451
698061
113920
778652
911957
826062
893267
7472
497757
372216
224218
724314
38278
470719
253316
636200
366962
811467
309787
378667
859613
140140
762462
685602
963939
614773
47437
441978
356404
469782
782488
698207
684195
896409
476859
596152
238823
886478
119976
252933
258694
344194
977247
296972
331265
746915
449524
698227
558382
759311
76895
934348
415804
839357
619950
379743
970483
667387
338073
326887
653521
120562
25094
337717
533323
18305
450221
772146
904783
570198
25079
679829
430744
518679
493153
762010
265594
942677
460237
340329
701989
53484
274677
117793
892842
410979
13888
379677
594718
351962
222916
248239
988876
248010
102308
38551
782667
552530
810697
203802
122728
352129
883631
553472
387160
376784
831834
652754
319461
292072
509435
537802
345556
300464
171947
754750
711443
185836
650779
306161
537798
873695
554401
526674
638057
173061
565225
420724
725591
892274
624526
364671
760755
24509
434496
664267
401293
266330
833374
237107
74754
342809
774909
936663
643274
946857
691413
871069
132693
858545
177231
186843
732240
247984
229869
886650
421045
311446
307374
662989
720072
448253
27660
480828
472762
462156
661447
390408
244839
494821
627515
319593
837631
918776
256256
997257
865633
464022
868326
514678
322567
45557
701521
571159
809893
447742
457809
747291
759188
281536
410280
479261
729789
437940
476441
718903
416449
137888
625663
661288
632710
769530
497233
986693
688307
753490
983950
70292
217512
852276
101323
56431
414186
319196
627590
224079
766939
85400
971370
526127
883288
381650
521740
129429
335943
998181
364684
268744
652422
990348
446384
285132
276230
943617
271825
964537
697107
772127
551182
430971
624403
652505
487402
554941
488053
631345
779021
254992
233097
266743
781120
116385
164746
819212
245814
17041
817394
610498
285785
986168
117198
732169
271300
393429
675786
59477
874318
889246
347956
941852
836569
972359
110709
840324
527301
598763
471669
822674
853755
221118
605769
151227
853855
770515
970440
99669
787556
304186
226519
589693
290354
860070
321862
78006
253499
514001
653835
644169
919599
1791
586022
756168
490502
696731
596492
534155
811846
584513
356829
665602
321983
962599
333181
175838
249466
303621
791859
37023
124159
18379
143068
930865
878449
464931
8871
648300
495284
662706
808821
414883
180849
394843
687403
671352
607927
800248
205507
419773
384761
78689
601727
223097
557640
934909
398935
807106
754882
190795
360481
395394
725526
503550
326259
120327
484833
335131
284979
980117
514189
93800
395000
211391
488644
82403
882743
612923
882651
604602
549048
783765
683291
150776
523214
240931
602037
922149
564390
356919
629296
924871
752313
354822
428421
594925
991501
429606
930056
276480
409723
960597
370281
321075
171988
375277
403479
571083
988200
802482
692038
53600
102599
891681
204376
142165
648965
322765
64315
213355
196037
209963
138226
948350
81138
83000
59627
72639
512606
506035
349120
438682
466633
235753
759757
154973
611030
679588
242409
115582
482071
934447
169182
101022
342480
889911
243188
991445
212676
823855
204800
408713
550170
859379
873416
631308
458731
933043
703948
487689
439079
569420
926371
422064
321525
686129
93389
932555
365717
852150
564489
364140
302949
733671
981515
645430
139934
741055
636875
868963
564910
841676
277676
631432
701055
667444
262741
159786
116840
483041
163827
72271
568813
90199
494335
890338
776328
104076
822893
658397
956227
903734
22538
259176
637405
520405
904606
293692
261460
541482
162655
342722
899510
956683
974154
600565
624128
236895
276703
257320
236288
956882
329591
805101
47081
340278
695439
339761
444354
34684
998159
916933
938418
537049
176110
92176
57454
597068
385868
318914
654902
548523
661636
554412
21558
635790
671329
162038
389038
464384
419358
625326
421267
748949
430428
468348
89227
642219
324462
49934
676904
322621
966867
131674
376022
659329
223850
433476
256398
126070
268742
911300
190945
446730
465713
212504
598872
653394
374542
987910
117779
793901
129589
539046
59202
560017
523746
148430
718588
848208
714716
395492
687181
197935
43519
63203
857265
267369
13031
630015
393440
798125
541315
584385
244855
523380
313241
843728
176775
687784
347990
810906
998037
477579
349952
57239
553948
873698
722021
272537
238259
436737
184381
925440
151025
227900
504996
8290
11622
518027
638305
921414
832505
695972
22151
593712
735705
335393
953792
428832
539529
301783
239738
537566
295714
106042
594805
849663
496092
833179
638552
734351
269916
339285
176144
420941
567186
681140
945583
95160
715519
100240
16574
548024
312565
38725
141737
48270
890470
95529
993454
429999
913664
233192
967565
209379
855586
78723
575394
351678
911902
730298
602382
698170
69583
778526
635464
153121
459666
97399
248281
691537
197640
781207
755914
510205
336285
414003
74827
226755
509532
68281
173107
939549
301473
140672
665280
673411
735747
757026
25089
164001
487324
627471
862172
73259
405997
13988
226381
382015
111387
991014
589905
309027
288574
345819
335584
624859
759822
410411
367966
785706
478692
541073
725255
296517
198098
390535
969928
933845
663913
995018
614199
151237
138841
476371
224497
61191
6711
967230
443206
118098
474596
549463
943478
763170
895282
279062
904381
655104
689474
272348
440811
684518
329773
682418
981036
527871
589306
467316
978069
253219
978686
592268
920809
117528
68639
661658
178719
75350
628888
138277
709800
619836
687741
653278
899359
99375
932341
803740
754480
621815
592440
711643
822685
922214
910413
803721
450085
499719
787390
428154
752939
766076
20422
673748
883604
605413
851758
578675
197115
480646
233305
906916
616834
921046
76546
516193
536773
8887
836286
291253
147054
428726
519248
969740
867292
429662
289813
833730
929381
77203
778236
198672
843280
798659
388772
243236
920424
240530
821912
633892
237528
571569
57160
370715
8967
133706
886908
545740
142594
239546
353346
806000
668273
872594
775740
51917
818608
581906
885647
747990
659109
663884
463014
18741
978895
368139
261978
415671
125021
600242
49563
878902
171811
623075
249617
180778
756782
136525
242870
415728
892424
596216
221728
560697
468811
513821
128966
287419
95727
14614
551761
271188
194850
531128
289930
690097
415619
551908
105768
540640
668502
671684
935894
356665
294759
185511
53795
51541
838389
296665
467269
730813
892882
205350
807862
878045
719171
936828
681816
331250
467794
749930
602438
178996
281058
892368
869093
213029
960628
974862
753669
145482
646546
205916
502147
941305
391427
555942
509199
746168
368960
492820
476981
778194
698170
284843
656239
933693
738024
854407
264943
722170
604337
383734
901167
885395
792454
770260
614776
753083
745122
884798
414917
908020
90714
917065
365678
482141
989359
874877
228310
874671
884049
221643
652865
98572
22839
825456
32265
760863
679864
813561
999385
284201
197295
900552
685949
506101
187165
300725
259184
932287
185523
190454
356660
276237
623871
722338
274731
129582
113567
19393
4254
997616
241036
657119
96188
263875
998928
644806
541090
678792
974719
540476
962993
688366
957380
165294
194467
144545
466020
970004
593185
167895
160458
466197
444133
784329
188535
235216
913911
818454
254609
918165
332422
495645
91637
428611
275873
90565
589769
816963
285709
564488
873791
765054
252854
347524
930349
963673
8421
912721
933677
601606
80616
94135
584155
41101
878464
772690
276317
308728
107496
47278
743245
439919
542924
834882
384882
335149
441799
974651
668464
243860
55491
58608
8915
824697
406132
455616
788370
414553
368337
722048
532512
965305
816183
116667
522759
211000
405710
315428
36080
513206
362707
779325
953125
421983
130560
338007
757132
88711
829010
425596
332572
884501
484204
341487
709198
406688
797103
497569
337594
681792
735969
870106
163449
68504
503125
686208
795856
425187
1637
831936
938394
880696
611262
407871
302679
741822
262231
576163
346885
91241
518111
679457
492095
518668
20944
201293
925356
334399
215214
262950
532543
467535
649408
695993
536040
668886
382201
331896
94073
900190
680185
548819
780886
291447
473043
599917
549621
735274
176080
896506
342867
694192
92316
834962
212860
629612
552608
654568
964012
284174
433871
12907
751710
599631
708900
804102
268517
607454
652350
878943
507644
332535
427762
804883
140334
417157
404800
206307
668783
580881
619166
11651
791425
711482
362965
520637
341094
431925
175205
821458
232452
609076
834366
500514
208708
59618
304616
993577
183424
473318
872520
207421
805854
816635
12304
946188
233792
933456
668848
902576
30689
288014
430579
822114
999496
793544
342751
856942
741822
34309
678401
974274
643385
29119
991140
368445
605089
295756
362023
788514
769074
234543
995935
91280
51178
8239
553821
801323
941695
222669
703899
972385
510683
134478
310851
26531
444374
169955
883473
702548
204264
78226
193174
847649
623697
184314
216095
228787
480070
578118
17301
765497
329013
13236
373129
380192
537827
926950
697867
479522
149619
401766
968259
176654
52596
795463
203185
13322
965418
603011
715871
169682
197589
909045
17331
821287
609712
749778
50074
606134
844248
583727
371631
173262
596963
261113
69806
134790
188063
767673
130664
854035
685791
615276
30689
254739
410739
750227
268061
376157
869590
500284
62191
583531
925682
79522
404818
535394
345653
971244
141528
189901
71323
29512
363163
668286
806977
949321
319428
995040
716994
966445
365427
919137
98073
396117
173876
25164
662696
958290
917673
48638
458574
979864
632169
900608
59386
553340
952354
405039
524584
610235
111293
595908
156099
474456
780546
963076
940130
616327
958116
657124
99124
323544
576262
713549
236013
266490
738713
415061
224780
656386
463699
683355
636250
95868
100315
211988
649208
52670
133380
690145
179257
244673
802405
335356
235481
99303
298432
175611
231982
772900
349088
847458
612796
441702
561007
848809
708192
299720
780222
932973
956106
243921
132680
108708
856142
749347
837049
21702
802017
970429
228199
981274
731454
546956
832982
966935
646260
131414
658899
394594
904315
7987
242053
517111
966041
803060
882273
674233
102781
662495
123558
575239
422769
256238
200300
278911
5586
37349
816965
323955
524130
45165
821582
255584
108473
654564
222519
271085
302331
397770
665680
206646
922109
907733
240109
888150
710793
122382
562384
329926
301230
685942
421518
723999
458533
138170
519262
980471
175519
852579
304426
699649
414096
642360
955233
522570
296925
694104
793655
599256
608227
459335
322254
530336
883420
78715
418487
110566
717450
497223
956844
18680
699517
378362
259031
158050
32884
294645
138521
208403
147224
959300
424404
77673
601660
895989
600243
414937
106446
910250
530545
714673
885938
369151
761361
769358
447867
696200
879924
165317
193423
353121
183997
892941
247835
959380
567343
280720
254025
222217
5475
917601
181517
429880
995274
299529
842221
111869
230819
465019
22120
277716
696044
908058
646868
457406
193768
94735
153606
73693
260052
863382
943166
960401
272675
191001
919781
840018
471721
690158
62235
477197
124111
760104
423429
119386
575986
265650
747607
323157
730670
769727
600873
426714
194137
247741
400472
387906
342476
70431
977951
118880
933813
921117
595633
206488
112118
31766
46506
100192
721924
625094
577389
846036
901550
818
481774
993888
782820
229381
317045
29842
515461
917919
972909
225950
682012
373381
613856
540841
443812
108159
659721
893977
29276
771707
100465
657747
803473
663324
757939
41750
804770
851680
404138
222672
368850
885912
216561
668022
631645
49958
697865
663458
484229
187126
889409
166242
76859
19617
223435
37024
127777
399508
931001
673405
171215
31467
847504
974689
211143
121795
16439
15913
973475
420577
754937
858677
822841
487850
526700
970838
537809
740917
634297
538390
928043
40058
220984
521254
576027
444419
558278
703804
843928
489280
893562
15143
37099
741066
506184
248242
379214
522623
780507
352689
459552
535444
727719
282393
23295
254419
769584
77456
511688
920233
615846
956083
960291
836831
477337
536318
797602
35616
756475
641530
524896
166389
173026
78347
907455
679210
326589
286669
718186
623448
155711
177738
158892
399782
976484
698539
170553
746068
292347
682241
182653
424546
638324
659296
777729
632013
711966
575331
183981
468441
733214
708877
634830
906240
787224
58638
585450
630165
861659
303636
253613
533722
997727
928858
933504
974211
143749
104057
236631
952449
786298
419284
376995
940974
594932
671076
89340
306898
762759
273321
775340
495973
498551
926522
918565
802127
501512
504016
432293
363172
324004
202258
413246
838083
647468
346751
328646
791218
450808
565277
260019
753459
500913
153366
210785
95845
824442
300125
919096
587201
89799
694436
599527
588350
137310
518092
390477
638823
538460
339122
518347
378817
541381
931593
216900
188849
794696
545547
496419
245505
627176
756438
515316
644442
909804
242453
256639
250598
542579
175735
354152
148730
386523
953679
737080
523834
988123
127557
679009
526584
983032
713708
905401
524413
161653
122301
229614
956350
184200
242386
718207
811377
998824
749875
455819
424981
992328
228810
191931
51259
404546
546083
199989
791069
499762
937069
831255
487886
580979
26616
530822
564011
740324
952575
604776
418330
74876
350742
374680
775429
593128
609239
103158
108305
359114
558977
49638
351442
304139
241569
402702
708685
787653
119043
499755
803767
572465
847362
808005
153444
873979
338827
233807
130655
291402
354935
548985
882631
222029
440017
658060
815158
49256
277570
439815
924722
352899
489453
276165
657038
731022
195219
365724
518675
830614
381831
322443
403079
229193
130448
72875
619524
985628
823034
750180
277030
694321
815517
676013
916351
255535
850425
731509
821143
127995
171324
745866
480894
660777
538383
137933
908151
249954
503657
426827
596920
885488
265622
0
631033
396070
72875
250558
898050
412262
517090
691433
106583
332607
367446
22934
104494
217872
270795
441990
345867
958471
704208
826762
619248
242591
481047
527400
8897
984704
470579
122169
386544
736201
122169
533929
648623
711397
784487
546674
123659
817929
238107
746594
150537
121905
769529
771383
339777
40324
213373
201997
998796
917581
545111
134396
676524
26158
178148
201773
527214
165079
323943
430110
901280
962464
964039
66256
673861
264879
129282
313872
82808
883741
60467
749697
5646
346348
521081
861776
903024
250806
63773
418172
684740
608884
68921
361264
151394
247069
79390
194960
928501
919685
625070
829781
882149
589109
412389
72363
853988
541671
386235
936797
425412
963054
686494
431059
825754
723927
292835
728779
974734
872960
146951
659474
998196
732224
537090
665942
979294
132832
860902
907795
52517
485972
253928
934667
75081
182670
523382
445422
724341
425969
898571
666106
389024
585065
97165
731130
825345
906352
459909
800079
295664
123213
975905
293860
855437
29347
959802
351083
162180
820704
775230
731049
823028
545511
182068
414461
728181
705450
859883
452522
131420
758454
118628
36796
859872
732145
767926
685217
154849
744188
1648
450513
867401
493905
260725
239190
523252
736879
590274
201784
557583
881856
449186
896963
427367
631254
311425
155548
853057
171308
124423
500829
446115
759403
537625
305987
491549
821903
507556
162750
566091
509204
129616
949844
519461
390341
705387
559065
127221
295661
760850
201156
693869
726388
98120
121237
357642
925897
793137
727051
613557
917560
227880
59672
193316
765505
882011
201217
103761
389567
363967
669852
415123
493583
136049
934584
400277
841436
493650
527498
653449
770852
245006
347318
497240
343126
984907
371234
785375
778045
98286
398933
211957
326166
458605
405273
608024
856969
606490
711785
762888
486810
897989
178012
980393
34038
628948
380670
875474
638950
424520
45275
409802
669527
908946
423394
529005
893853
794629
314381
188250
409267
713314
400208
735433
688271
321833
343457
61592
444676
55242
824481
931486
953232
518845
428231
503622
147793
325254
895449
303096
266126
940724
229250
935653
849670
652645
981011
259876
963626
295392
448126
372893
525058
848334
624678
213329
686520
968136
791274
131196
539730
615755
579034
9314
134600
523617
29289
798745
365223
924738
618193
631350
381814
847444
567003
747837
16441
548014
7713
496419
359758
455839
869312
884816
820526
10342
614498
23398
494830
405772
154594
34561
537879
249980
560227
188831
289949
589516
503928
655173
30606
122122
286523
412421
969566
369878
160258
502359
434245
684323
998778
310355
140162
384442
195172
477040
394784
326022
500438
889615
248146
171384
440528
786025
937716
517107
491208
227666
622976
995136
882839
653582
117258
685714
582355
603176
55592
258965
105535
6189
943288
104313
316545
599803
488755
28069
76843
399892
354091
93634
289507
602237
265018
246387
904614
719087
763494
395822
946753
386470
390958
345944
556405
24569
31658
138760
627745
603602
397726
249633
126144
857366
870298
442689
457169
875406
470758
50365
275298
341201
660351
81157
459790
441721
327544
364404
160808
607390
276578
623913
993861
183888
969857
550266
208457
1515
205378
352555
121470
119456
118540
247614
976823
988838
206655
950344
380596
677413
709
655894
534966
177412
253403
994756
619134
580947
359160
779942
704690
152090
403856
698551
335978
890065
765169
60788
407933
486899
929695
529403
606356
48235
293369
583179
553425
500024
533523
934022
693789
50585
106268
228755
744349
359672
223511
363483
940619
99023
659778
161661
251113
579986
376564
587091
470051
141733
164231
877984
144985
93926
407387
751341
142161
217108
850872
211939
717132
900747
145961
410921
467684
252229
639676
212034
611901
379539
575517
68873
478562
751647
230534
729675
331633
607099
833119
801685
265184
997350
679669
926521
607629
603409
677862
266142
820517
45086
478081
54002
945834
624042
981275
929870
392624
620952
141904
520877
491
233774
589750
995406
985421
336637
241433
317055
460088
74552
635092
241624
588255
314761
168146
712236
434522
846008
978378
771392
407447
456460
825394
353281
596854
806669
799503
505830
943973
941408
26708
460817
691534
616458
456223
193307
469447
697656
26714
929535
288561
661806
171160
393168
492920
339306
105404
927442
701666
600134
215186
109113
572946
40580
978746
169801
363602
294602
675631
307575
752362
218691
284744
443896
351502
257319
153555
820949
471328
180270
266837
759889
842076
954349
669409
851348
810007
291165
778791
511673
891299
993977
137139
980598
550910
632237
666751
914512
926839
858734
738439
679201
77426
23184
639449
428928
280503
793005
249877
751831
973275
33066
28072
331703
987415
213833
183052
797422
504998
478195
825448
912650
988524
478939
893248
539434
627528
76351
970298
554368
935085
708738
749921
12511
248274
389371
441439
45129
698728
207669
313313
672003
240735
857737
3706
744503
71571
703110
58277
92921
181305
400077
5571
169830
879016
415171
709264
22897
491522
195915
577265
942960
421005
843538
955471
669279
749261
913263
230760
447989
120932
544073
119992
878019
401811
640051
138874
989734
343161
197152
82655
40819
113581
88227
210649
508950
19750
436265
531847
27625
632180
625464
970585
569537
469002
442408
238816
218264
355671
985929
666253
992955
46354
302598
387327
448165
459001
526201
437899
318514
239705
520555
359333
353287
125134
86334
862237
661236
522600
394084
205213
671132
19548
692150
757022
4902
134559
512190
223166
6582
498119
405772
999538
544474
224722
386865
508991
683723
429418
463243
2237
669124
500150
361571
22411
625284
964257
401000
802872
3209
795084
524438
190694
330984
216588
947716
852238
867499
459906
591757
874082
958026
997529
873620
18852
222251
776837
527843
422326
206255
991086
424563
391731
491236
302486
414142
632872
266744
331494
952097
269953
126578
476535
460647
973914
693123
408363
826153
560623
868270
417910
951057
342648
931791
824677
877852
670394
117866
405695
92720
840473
913134
33635
232205
920722
336122
162699
553595
602866
494194
22044
389171
137124
498579
849819
111039
708054
774534
453544
268677
159156
387806
219734
18156
835949
560763
896008
506343
194981
818056
115415
35455
731190
149050
267660
651912
1524
430359
721859
604390
440905
743903
509914
578030
758834
876085
689069
466889
650619
658965
735566
326128
563123
471653
344284
399072
548768
240293
421767
743750
58349
53534
295557
305891
718936
79569
957803
720461
26280
196015
324851
467186
939918
351117
45216
698753
227202
250637
681994
877822
425954
417560
203950
989077
405565
64586
904501
470686
304879
842620
730788
879580
896154
26345
185471
615090
105914
659627
335551
648546
371994
176755
115732
311912
44224
160948
527017
271427
927937
209011
149249
353891
142924
869551
342968
64841
934137
763821
535527
755369
606441
266315
151301
18947
809012
853125
150390
431278
29104
2293
79825
401098
695400
711909
229362
739625
389210
756380
11052
317147
481743
676653
671039
141019
62556
530359
205861
513045
294181
257740
784766
416974
40408
936068
952274
365772
305545
102664
797051
334649
104957
393228
735747
316710
105137
965109
56335
494347
237841
583739
811495
235937
260392
998886
376956
322948
529245
99169
352345
339778
873262
137112
273105
913670
73180
225379
279442
378725
844395
592845
229726
465704
986073
965473
782414
91211
446934
838749
101910
201128
938840
429757
437065
199232
428643
330373
38532
474241
945895
390878
330371
819157
527990
603476
249179
117522
345207
528621
12599
189602
121467
242325
171659
623892
724150
954073
231455
687436
309175
333366
404916
248015
763123
841981
963600
708119
688707
2132
182360
634602
909362
29083
970111
953704
148912
219290
71226
494119
747911
600177
200074
385730
358854
371733
525975
599356
842158
757430
286793
151333
90796
691709
399349
370272
50043
362949
78391
738750
881433
777103
889704
307148
806186
376167
260852
955098
595457
848431
965570
859720
448608
681996
761803
323815
53729
287778
923171
412239
45208
209964
563573
652357
418026
479274
22629
468069
358575
101020
723171
756360
394475
129227
63508
717013
505394
324361
672112
617203
689144
154034
476923
654104
836030
238726
977919
406111
526504
901091
818350
88065
627407
898275
740422
561785
377549
763051
29854
736124
380423
269377
492485
291250
914956
72345
8263
936702
913058
680375
553905
602202
350761
30829
772659
186791
785907
266930
109254
828764
684373
443957
916829
311781
342232
657251
389918
719782
936654
419773
972258
833429
205502
981095
124679
636811
53441
132942
573513
482851
329670
127419
85054
680431
158248
374065
383575
460507
640995
492829
289271
325369
936786
206100
153502
279019
379703
543420
515153
316357
479545
487411
666138
201400
984859
790817
838211
38300
923760
411724
521151
253430
539143
122557
450213
213743
12974
833788
674251
653970
842970
479874
495691
296108
202327
649193
91479
582030
708965
606632
414740
188511
610396
80878
389911
111607
871696
228122
149907
311808
156198
187410
81590
211694
826320
531803
425437
355646
365592
616040
9616
724914
95915
21659
21022
298242
670852
628854
396624
379818
235486
327716
84681
362234
408595
474592
473841
796643
219066
140100
624803
375264
843863
706393
586958
186535
238196
528748
542181
120140
661140
68150
361406
273407
89809
382429
88001
277014
11283
484626
173184
763121
812342
257865
641708
737289
248809
631901
50284
467875
772002
675087
359491
132217
381480
462802
835104
136029
507902
377285
772521
169042
961787
133928
442450
567949
516357
530451
844963
43992
531429
18147
323465
860124
276012
965173
597413
524821
597075
647698
509048
885429
322785
868539
533998
220618
847693
369102
356647
355595
262739
129168
524638
224527
263096
483440
792476
295805
530243
637439
856149
61673
171938
179615
921797
447950
661140
519210
489123
774567
683260
998171
176348
522398
383062
710346
743016
230756
79448
616015
586351
342188
261535
627341
83067
40984
110781
875543
853141
157377
29334
709291
219050
201272
405258
657199
165574
66398
692761
654697
357318
376022
169220
533666
898420
552282
244013
157788
783038
839813
290155
885742
698353
551690
29435
781420
109026
656569
173315
962168
813946
719001
671459
32996
436625
593069
690195
118551
659467
382956
289600
533137
275330
458820
66804
690102
11103
827169
364242
310493
183334
654397
196235
398040
722440
225671
179460
831466
398592
869128
793634
212538
104481
981445
245534
57459
574514
452081
176010
750334
351389
981963
283471
626720
440783
866627
833174
968238
693796
197417
278732
393483
851814
991319
791523
574254
733342
487335
405721
131934
872815
715707
344472
977297
697153
106358
551108
271667
558439
243470
22001
426181
225433
821825
52901
666217
688452
402427
634455
898601
599844
913187
292084
451659
420859
83607
542265
154201
87294
464338
286136
960110
180046
146960
453759
393551
253319
4867
665218
328110
248337
203572
754291
990123
25397
323544
656340
230201
725972
807147
128802
325816
236687
420886
293827
657546
20845
836093
328099
108140
816783
614235
68250
996829
277548
38361
390380
530867
43228
571951
375329
807917
291875
645973
798040
833624
969517
970732
63825
211841
777880
192628
54010
14567
129866
864189
188465
150712
216634
516564
775204
33418
647152
359806
546599
924700
398167
936980
971919
441395
25283
347248
765664
833510
509573
80057
667134
479091
50789
730959
207284
345021
923587
261294
875940
569806
125484
64405
720518
858470
580970
495722
891888
744474
855528
438488
669174
253695
891820
157445
211442
433455
21045
493458
266965
530619
89867
934099
526062
140657
665058
733346
2030
104998
510993
877971
674804
636477
942376
911674
494947
39698
923748
903188
784172
779276
341676
453346
549323
749848
127143
277117
183303
148189
286927
450268
678808
376795
384367
204870
33804
565777
454568
35834
670775
965561
913805
861931
118390
372534
773605
129690
412232
697353
32878
196405
992981
890906
166103
58656
640754
293247
852125
824057
957788
139053
274325
636596
32200
175044
357818
66004
740821
812386
101838
411597
777948
531996
789880
896338
904530
79838
542380
316762
777191
575258
29519
286525
466164
195623
861533
106918
5222
713659
447327
963010
369064
721652
599606
401264
413048
473776
983620
153870
802514
601810
81819
580462
133806
871699
993153
38336
951537
535533
871451
245081
627144
900970
47958
93308
612945
909491
716579
618167
139502
163906
581177
24918
401911
697135
426182
814959
170911
926154
485181
973426
527965
567000
70240
178123
438700
579745
732812
906589
631631
604263
151670
258775
21585
199628
868435
634531
625472
585014
252698
764974
265273
833876
789893
183536
531011
732427
514847
218275
174934
29
708053
702899
567029
778293
397374
5729
358039
130186
912319
506022
250801
580341
764797
272387
296322
633232
906918
921794
218247
675968
203120
999872
26196
509365
183408
73560
758145
698255
291835
933079
698284
999888
152330
781666
294533
549704
787395
168924
196243
216066
674946
447044
312760
439743
719431
609082
589328
142701
47228
323927
818670
250348
323799
844866
276066
23559
918426
34211
238166
726613
483642
936451
242853
152324
234469
537387
218380
21864
222663
414623
754283
897610
861668
67043
853705
97451
192477
443033
756505
239705
283312
91527
6405
607111
936393
798823
630670
371172
349386
385189
614137
833028
837992
856991
985352
72461
910730
720085
610677
133393
134708
364960
547355
512728
948355
917413
126532
657184
360446
883037
896889
160111
974564
419647
767222
427309
218470
914245
314833
567857
299434
928971
917237
137426
302314
418942
209887
213044
139027
820564
862789
790087
701877
410145
302816
166584
843910
429348
823769
720708
828737
237010
880819
803301
656657
648042
746962
391480
78639
61796
475689
894425
507119
909278
31851
809433
844572
758090
538829
983599
95006
401618
290039
313235
328115
592855
479820
172025
538555
819941
892734
367292
56951
773553
686945
229961
937947
433907
137793
532938
495703
129834
427363
519174
39112
459214
328607
883685
733656
383788
383636
828663
301759
673675
658250
629874
782882
654422
318252
837789
474363
727338
205081
47667
17243
892026
793980
471543
842286
931773
4481
854341
577959
431845
373516
617071
407411
702123
17108
141068
85912
917097
486083
904023
107124
660685
533897
406359
315108
368501
244148
789471
612191
449230
837138
145787
857608
147470
617330
699894
79243
621811
554236
657202
570008
927752
790626
977420
146227
324086
634840
748491
241183
637275
652514
864660
814312
702764
271019
129420
587617
515167
435244
199809
480749
272382
345596
854710
936205
479278
70956
15448
617441
141544
189003
187450
585648
495981
681222
731876
820067
832414
996719
577603
986041
165586
442263
800353
384702
229634
929774
972319
261153
365018
688480
741903
153752
550428
112965
89957
29706
183921
621758
647148
325466
810761
350950
911114
823094
32172
159342
643161
380938
156062
737116
366979
838000
179379
167332
222702
925365
97106
711373
186519
978476
916206
444774
132229
466634
557739
738538
12693
741660
360296
176193
67126
687409
43495
494593
510503
592019
653935
670017
972957
326349
407133
339936
164349
102865
23620
903403
28230
637079
131129
214749
615555
47335
175875
264136
30321
733614
2675
559366
475275
362971
735559
58753
566733
295406
69698
77236
887425
723634
747253
860382
49983
154387
716670
730685
257252
740291
150440
801834
377370
281569
532936
992925
845256
708811
257062
875578
442426
776089
434944
434053
655412
686856
9158
222145
982262
78857
299382
869688
802491
562987
246422
368826
717374
963093
615863
490978
219736
282656
292813
113458
564225
825749
106383
409482
50912
879797
801412
493338
172238
236356
443743
827651
439564
452902
49796
421827
531759
865530
807867
850602
428518
570641
735780
662244
50086
867996
153223
269822
150652
962388
383280
231229
304489
6016
157063
355401
402165
958475
365092
90756
711184
808835
918407
150748
261737
968203
88927
309848
833734
413146
676802
778604
983788
928935
440848
33874
796931
110423
820049
463935
72811
719681
695164
893652
242049
852228
765406
160567
327055
130498
251323
38239
455685
686082
188988
717423
654285
794267
543623
4371
207414
736778
782975
707554
665713
740176
741428
462644
850599
77829
442931
439763
313863
138095
849767
72264
506675
615173
232831
833731
262023
506
388322
717709
686588
93662
951484
857226
887930
495107
377949
95344
231885
677277
802898
413950
417453
60678
392946
784404
654860
835877
224167
485075
490325
73935
557339
997000
205460
306523
347083
467484
307029
251758
185193
509970
345420
136677
367196
233350
148136
261497
845046
896374
938774
164296
310324
872579
741327
703271
656984
912539
55500
397503
397614
545825
987790
954953
59178
709603
261476
922613
177087
84858
174371
362280
594828
519792
15309
478376
269494
163445
739873
630893
59819
195000
311541
886496
67579
52868
106119
240915
481759
161619
154771
879373
223797
142561
350679
282975
852164
612155
721940
545603
213365
412664
424235
808193
932456
439544
286569
718302
119342
542795
865547
695513
737795
177089
582009
321726
746309
688128
562642
228069
366100
233765
107442
589897
376326
974473
389224
744843
586629
627516
806798
316346
40180
231034
124540
488988
670578
927461
207291
789920
986608
72838
485434
724403
249927
583795
562482
512589
788276
641476
740658
154376
875241
364452
260625
767919
338926
166201
512762
441907
793717
319561
758253
833898
550595
882793
322886
737525
326607
46529
43798
313215
119368
45584
553971
885647
629379
116453
398236
417655
757929
655246
88383
149522
19699
865360
917441
358625
31561
430204
800532
825279
266117
558785
175529
333064
957931
498415
586941
800890
544945
630739
630457
180665
676323
184428
582664
822055
817233
497253
756062
91514
152499
844446
241036
172198
709806
158478
47175
741368
105034
847707
82999
887503
406493
258528
736919
880776
273295
323860
681666
818240
954600
312123
515257
147275
12904
614274
485682
830137
111527
241745
438004
780378
86191
195392
952577
312349
870222
999752
570069
975256
363812
169420
379111
286657
427948
116030
167433
701244
956243
365451
35836
427195
193926
67446
574470
206830
681720
60153
553320
309599
818250
991324
89977
420793
186716
558906
733142
56939
75011
819564
548547
438823
988984
444011
725480
933285
560041
409265
150881
32636
291068
703069
459831
484994
770515
550654
691825
452235
127159
245145
278186
945409
752821
368164
366202
455889
927070
615696
29180
2081
435260
577728
957256
940597
538091
199088
390234
614484
124705
541115
647121
415773
244184
106952
900768
14700
173958
592593
983287
301117
354090
261474
246526
623263
145990
129080
79152
73060
744777
108333
591494
696389
202413
65102
636986
740504
264191
543572
354988
388896
84687
518461
804670
845224
141766
221790
376276
315724
330735
359563
616842
684825
137389
379720
308088
283379
508801
903592
872792
769930
11925
980638
466319
730690
45740
619658
987546
826283
163230
342535
215180
247918
377348
536202
609494
519114
274344
985770
834839
605079
861685
968033
806256
999075
347753
630696
798806
372906
534288
187950
142836
62566
168588
125508
309608
730681
745166
297155
556964
908396
156042
288496
672666
533390
341050
798512
52505
615394
784282
403696
736825
645968
371729
543081
161395
235834
690129
960201
125093
740770
664504
784281
803336
349444
909789
112944
80125
654955
410099
153442
79704
82493
958290
268722
615884
299341
67235
184741
431087
851517
588437
684265
497485
476518
743698
175232
228704
433828
651786
353797
174598
316290
138079
494286
665734
564220
123582
262212
219176
50034
932006
815232
132527
890296
83954
748411
705989
667541
449504
653429
35411
37941
337694
49248
30811
81392
224481
259516
31572
876267
129665
206170
192557
784096
216808
374643
348317
856743
153207
83845
906777
85213
899077
39304
491862
499383
304068
197851
683277
753572
851280
718688
307866
705326
767936
855029
786719
992417
114545
818291
868684
760563
540814
577593
61011
273974
952237
925680
130717
105444
9525
37494
707010
424954
593151
198872
440690
413571
396723
123967
683495
764356
842655
507713
469682
610591
362743
772753
119361
993640
107397
988045
754203
164563
565639
331567
438537
34228
257247
569255
139672
266773
123101
363034
208079
232604
561906
648769
646175
474982
772736
846023
755690
131743
353736
225372
258687
716479
514478
378048
710120
621875
882445
980675
786438
448084
312242
741327
482312
569490
310582
138337
352615
950036
501371
560694
698992
63278
209464
345168
54612
498552
707543
810302
146648
61279
552026
405335
294111
66504
299735
4231
204731
182180
501258
991169
146617
813501
732497
628929
899343
559431
283618
251958
25819
784990
329004
724812
364620
538468
586332
935584
553373
293875
745886
216373
871506
297912
621708
165617
880769
437795
686200
85500
619975
187459
76670
766592
517312
325519
911874
416655
401302
711844
184965
427122
13186
513969
151934
377806
568790
254618
313390
122163
548493
575628
338536
419999
873541
476596
101969
754310
430743
788169
839810
567070
975628
432832
850015
9292
758351
761889
425947
159654
990085
610912
103128
3272
124882
771414
381078
693672
26032
210821
332187
574525
786449
187075
510876
176342
180023
129197
447004
610766
917367
286815
177836
409347
235999
27851
418640
510703
306092
360939
186709
812530
971852
289837
815802
613086
61251
713232
306758
87283
924053
155297
178160
226855
342372
205388
403197
38747
334586
850202
165865
768305
653369
343701
177652
889368
887905
112644
916423
710349
473584
103132
522879
961788
392969
855033
574874
970572
568266
397984
574207
492319
553281
752367
235526
412005
474108
638724
450752
808694
5278
616617
576999
174999
476670
271003
580719
880927
383648
497143
107629
373584
600275
146860
335372
993245
1894
910246
480169
570160
824582
54377
578831
377863
806744
814358
306220
797204
453082
756972
605898
974712
889941
699249
149711
882963
486605
730430
763891
386605
227573
387872
760189
827849
534732
611913
337446
536626
522159
333967
623138
863093
388344
201970
240956
711441
16328
63528
508645
985762
820500
630896
960474
226793
330145
626537
109756
816750
356967
389999
719707
100893
777871
479896
445094
312604
91809
298892
365582
130320
632859
988721
993413
21204
190691
750721
732645
723371
814249
241290
709133
151101
388538
669607
377894
718684
296144
4003
51786
169463
910354
771494
270356
688226
767742
715450
517182
375904
530694
399116
506224
163554
904189
15990
184758
94880
766711
433755
818251
580961
191397
43736
248414
579936
713343
142661
814972
525839
146664
383110
211655
57018
154604
482011
261596
438699
713814
295130
814603
244508
694247
837179
924414
598436
853169
109172
209669
619881
542927
544272
717194
250677
588009
965608
830613
817704
108269
645585
859896
771285
28695
71551
344656
699652
69914
606252
138351
300080
417735
469306
60941
111982
306485
985355
226770
159655
610880
952791
295888
670159
497064
529434
920836
601425
11394
751449
419129
119664
913386
795377
407301
942082
866928
751957
158086
453195
874562
812789
753275
292297
282095
330568
920631
104932
315924
663753
780939
443156
616545
593179
113315
113609
122613
34152
231386
134008
301953
166867
770024
731692
962245
177325
190126
345525
445635
348212
798720
320197
677353
68348
128846
959448
398916
49477
580732
231192
713230
878024
190700
329775
471203
304016
959736
593817
854520
707474
244177
672825
874342
14201
404517
352939
707878
594643
698464
153513
942855
13537
990062
620208
598237
118908
96008
513505
684737
193093
261050
397968
71117
451750
244095
542320
755766
720184
652489
126638
944010
896666
799464
818352
910867
203981
687643
618746
798625
902460
288611
257832
915997
278674
394393
514234
397582
6753
27739
82320
716198
288789
996640
787315
256892
757087
845988
12658
993623
498477
655649
937634
395144
455113
272338
822363
175446
476334
957461
490423
378794
246073
264608
294791
524747
659001
325377
922329
182106
869468
521001
898305
674610
33993
201972
931502
307433
564312
460512
301056
62790
116161
755042
974286
87626
543733
313001
263073
20067
270463
753496
915213
516536
18104
210004
41283
193457
51733
479964
891916
437553
517318
306573
112163
551311
24897
560017
858744
589210
20530
676153
168352
653043
947547
142638
740670
7632
971991
520095
544051
242454
789943
459264
758990
808048
185620
316625
517857
753705
796590
409773
191259
313908
716346
303422
381571
741244
379792
756668
846806
400322
949173
15158
569717
413072
674148
826739
420705
646139
346834
481108
888594
136778
940373
163936
461178
642345
480562
979035
396051
277152
905161
587310
107412
137859
407084
5335
395455
786876
762003
242261
703550
227528
257419
273268
640601
931567
616359
61306
577707
479546
542414
982653
616324
999139
146589
593854
641485
627151
89241
37536
420655
994402
141198
44419
648614
548282
49755
44069
335159
328110
802683
555061
555639
576454
828329
196240
24374
961041
773898
118433
440587
832664
101086
573263
831804
247675
167117
989641
391179
256358
543529
328186
767113
684727
372606
415727
749361
938713
976148
600872
266823
778831
155934
338814
871638
500615
51406
896012
461656
825304
14445
902243
174321
631883
475506
522477
395910
158975
512118
787089
415334
571999
631628
182447
256726
4234
114526
522439
942947
90674
123312
726122
385858
279246
581289
257496
779861
632695
669860
757870
974352
200657
176465
148673
832540
651972
671150
228450
327299
699620
531892
742633
271619
163520
441432
44697
684106
72310
83488
143405
679337
206800
385879
581547
486046
967168
839043
782260
599864
25255
56482
574216
225912
232947
239241
58452
401271
910391
803254
728571
126363
851498
987556
914334
15018
428989
475383
215476
17651
558871
358881
696988
765672
744761
278535
768070
711929
633930
66682
311793
659185
123164
402361
401449
356112
641602
459901
757383
68345
779508
485954
194708
631006
473511
625394
162377
418852
100777
377853
436503
659649
736735
649844
941673
997848
928379
709743
709777
562310
776426
537923
737847
415942
456636
139297
772054
98239
115550
45790
682936
411410
531744
877645
42417
521607
19391
204794
940459
120169
98999
893315
296170
352086
543159
237843
349934
987890
463938
576064
550200
756716
630339
804400
172659
86975
460049
461065
701566
91951
506855
384503
503362
554952
778500
62131
76559
797891
783277
533371
434412
398628
943038
730582
750715
486197
484777
100649
474087
948716
193065
540640
221784
823404
861392
394443
910380
321441
371861
128298
929744
878716
512801
949458
433668
291301
527941
26580
605545
311218
559951
39957
709847
502989
770540
976914
505538
771669
77563
495977
236737
270629
36617
458522
610385
898009
369317
37117
735802
741178
165416
181899
136247
194569
131357
86267
485871
175651
112847
91416
486869
189150
647725
713068
208491
934617
689982
714029
706287
283898
726359
943024
70879
762976
917898
197616
177338
287216
234734
429492
544746
400150
127743
680993
594719
259101
767261
596942
434752
396460
204710
437973
585611
852436
667394
310454
303405
873728
540836
9692
673978
267195
469069
744857
546523
386967
942474
723861
674183
693560
669706
735282
610062
797449
416275
721133
572902
699888
318076
524006
96349
39138
478332
198312
407926
145726
508766
711332
535806
49602
237376
209785
316797
706445
470994
863321
93413
929820
103534
283948
623380
773240
19230
233442
87042
951858
954576
659944
651746
789004
700303
748095
344494
178635
462759
752421
840713
971526
463753
376519
21128
701129
102656
337926
923927
90003
717599
533692
19823
821133
817640
159556
110726
353223
392998
197768
305081
863926
374064
473179
169282
74367
737627
513777
769354
200386
266198
610067
171912
246303
502939
193041
463784
121947
47319
387711
211950
764918
921403
748126
102403
255396
907682
213129
608619
817032
927249
430052
680959
817666
903231
850241
892033
640858
880370
177740
841245
146568
304159
13157
909223
807098
722550
373008
445398
769869
277071
657348
51139
714827
921826
153543
970223
829508
883024
95194
646541
810274
41598
327500
627940
944829
694093
36325
102040
90816
730417
459637
237384
34577
989146
662960
358027
711697
552320
803425
997918
829391
977126
565410
60570
898952
235305
30793
728461
118329
642339
375002
444955
200289
218854
589247
661471
429299
141925
763511
520115
872342
739500
273852
906919
728646
936812
781299
956695
489132
584724
954614
834875
78202
36376
895446
977155
271681
442591
221968
906362
601283
113322
351318
801572
848528
456917
463043
794179
598842
226554
314295
471185
966054
104499
894456
211053
557663
675755
167748
563147
776832
638714
398022
855034
675090
809820
348541
946771
768764
570509
853134
370047
200183
720804
171619
565063
177721
634663
359243
776564
377569
673538
764101
859976
294389
174909
587381
852052
850665
755129
415199
627497
393844
329573
998883
585286
655746
347425
48410
424510
434286
417896
794557
150822
138700
482528
715885
832773
633543
75128
125689
527465
265018
889790
387441
559407
581052
974822
927811
431717
246303
859362
575566
156499
705288
90801
741786
361034
954578
790196
301896
388865
208092
612805
56039
863144
95333
771924
695917
728877
363405
821607
256342
628423
227749
160135
704183
808801
651309
148346
756870
897612
7709
848788
54112
712997
455942
312250
590383
410520
618798
892279
315737
826890
505084
371776
206386
116769
143701
902303
845646
507106
240262
618340
651881
984364
294827
356064
309517
946136
20763
582740
360101
28472
431528
930565
257821
887470
242815
364556
814343
861613
773187
130080
204855
794623
501857
411241
911392
645558
829896
273391
669016
586511
408083
320897
87227
702911
193314
396744
165399
214077
979484
525500
758901
927365
972417
533074
331187
731584
897630
145530
109549
670817
275611
830756
981792
293820
758349
893184
939378
588246
682927
124746
691109
91011
961995
778336
310274
671661
691432
475673
402090
187269
517526
160991
114634
489943
210417
962173
737880
108047
624056
847429
295216
899667
678186
277008
193487
436535
686545
649217
541133
369472
290315
748594
976835
768662
526930
287109
440324
734715
279135
842414
921984
796661
519758
552970
802956
730175
515143
540836
354575
139199
904618
649791
555218
582804
443152
265057
535691
129697
430626
76825
15521
720941
825419
992357
489604
868702
795818
446280
603417
591305
805046
41753
904318
324804
594723
707275
571332
109866
764463
925907
765418
669081
92050
836988
768237
535202
102046
303929
181251
532672
380754
196773
769966
722525
705482
775922
591227
17652
222202
710996
608958
27248
752749
513276
868405
347472
736903
956089
973691
501367
881996
255461
686800
490398
92449
455038
25601
194495
758967
206852
243520
656073
919977
13486
378598
625459
789408
486178
643112
527962
197174
768422
71562
466276
798050
939967
330100
534954
896056
303791
552673
294404
559252
755825
784803
651702
210863
326756
362549
486182
49960
606069
658607
969938
619555
553558
111749
925315
556088
271213
969629
269614
39635
41192
735890
837686
497511
65991
888992
909920
886134
441665
720676
445387
713842
21831
613441
441058
348587
975990
927240
914900
582060
102200
884838
717967
172110
996587
643283
728198
267801
129264
997812
823788
170456
733703
661474
184320
316046
66818
610592
202180
508483
331268
647567
738678
353100
777360
179736
218039
753351
623328
132939
335411
725528
534129
53378
897638
530717
213013
625836
314870
342278
140001
138658
29086
873704
316485
729758
706102
383303
340350
908282
408139
671619
72202
146817
541071
849562
326553
275462
602913
949881
924754
454676
191762
458883
508055
89400
989600
237420
231589
820822
96050
371590
959481
125137
761646
792318
371247
984100
175621
711598
892382
583760
899569
964584
730577
956992
330499
573482
232454
449764
39716
157208
904441
231478
616092
412496
837230
122044
166268
68819
459219
262319
956761
935052
903808
234759
727370
275055
218859
902991
503005
627594
3104
402574
108530
733681
875918
439029
823516
108373
888794
863232
781933
793235
94710
914377
722083
931940
552774
404703
517112
11993
667022
990225
947045
570830
741337
190767
362238
960196
93758
865243
104142
96862
267818
212673
346896
660088
168054
170412
284813
56848
549996
66747
366435
644706
497476
604870
92998
50250
9574
610110
578595
192948
116688
41992
763779
858025
232759
126017
334573
842870
991260
438716
939732
775430
167741
802980
951871
335795
489744
236684
908996
39740
303431
275431
684446
317260
396654
293797
367510
922580
420259
462458
115528
536947
20802
879307
911324
253562
521676
245898
612784
29289
684614
68868
321071
368707
871849
272942
704502
361593
509627
613498
401334
329410
405282
602132
646670
318288
895929
530533
240868
316189
992991
356396
369488
13793
752056
280813
783707
790084
526711
396491
819373
727677
465360
656797
96384
853561
929739
317238
215154
439366
930737
132840
285129
852371
251325
931799
170659
663606
462332
411527
496147
971675
284275
865636
985469
36331
662801
285528
826416
189512
198372
162141
433541
180084
818938
46277
33645
265030
879867
765151
704396
810604
414344
505877
662975
665669
437677
349986
329275
900009
761513
825423
388037
45789
207411
373506
598472
870212
175386
941240
576076
373758
103382
525969
70194
438672
88598
103839
703702
968465
385343
924451
779070
799687
430328
958397
465356
868005
308384
310983
284367
586249
136406
672404
632038
860169
562262
746863
730381
254000
688103
306457
627759
307837
348778
214305
746510
437376
318145
966564
405842
703488
891015
701264
19527
321344
659661
484883
705701
484397
795866
506420
70647
448625
695176
219037
308794
257438
965900
555528
511439
170356
378337
655550
478193
727116
869855
741055
164492
704352
707620
570334
924192
598635
271598
943719
436331
447612
944954
658385
932009
257173
164805
519008
705798
376334
738046
530944
633772
220298
602824
661563
907006
981162
833465
385200
224630
219673
642607
389122
440377
350227
475809
364570
465215
263759
824641
417898
711371
769596
592635
159733
26769
757441
678741
248919
650127
933139
296215
800251
669790
415392
978167
576796
912906
811632
478348
137536
547657
120956
43010
504387
987535
518819
385309
969102
298931
209950
903353
10302
495898
495988
686387
39019
769781
881481
287938
419908
814620
100506
220160
762
515898
198327
577559
428804
526311
55907
82692
590321
693215
125702
94708
197103
160874
480017
166205
459805
206319
585910
986459
702218
81899
672847
741237
851680
554328
545528
271589
885300
162386
8101
886063
678284
206428
463622
623440
732739
35881
222484
323060
245449
348186
934120
958904
25412
414137
641461
485217
620457
227372
471677
839027
309271
660876
580264
677303
215204
642144
465244
100504
804530
473345
502919
999166
679773
482893
138958
928865
35127
361442
251925
280576
225981
186046
239480
251393
116535
880941
252963
253344
624665
724640
92371
933936
901868
188988
127592
117072
831132
592836
733928
152015
66182
236848
151181
745955
236093
806492
674820
271220
167934
443098
551796
910267
145496
307628
161661
778383
704922
930976
31728
329587
171968
640451
779876
73836
829439
907468
190908
176924
500304
441188
328939
566486
194388
996472
828794
430482
802964
19966
701702
487251
979416
769851
397518
641264
593831
75531
419648
815105
6507
967728
144693
178475
608179
440921
252311
953971
864741
959571
130895
881397
400760
976186
964236
595148
972658
793030
541982
291975
329348
243685
779226
308765
529888
176744
950029
123719
252276
886029
938825
258783
853757
599870
953611
978289
557143
205922
932260
421884
165494
579507
819633
82606
72045
783869
194106
44703
93251
736089
853030
422600
496126
632256
247717
542366
809001
714098
666085
577629
116480
121262
352764
486589
237484
306375
464878
794627
512298
913490
732863
194144
492997
68849
276750
81394
852718
987208
126098
945970
723297
495480
884922
735775
127737
648991
278141
936738
363089
460579
514367
479569
98193
867131
966159
335678
689859
947389
646657
202157
860880
895873
912653
870229
964722
705755
951624
333792
692963
594074
796114
932613
89554
681036
668388
217291
846379
462882
670381
209469
439813
701100
205390
538006
84584
687901
390036
774443
151643
553046
492952
528875
448919
405605
399104
929993
627712
867080
263785
320675
977506
576252
253288
67061
257288
438029
800704
620020
417263
987438
345841
857076
204890
67583
395082
289474
755485
301471
580269
423480
854517
73221
952355
303436
995178
867811
749781
622890
734892
529918
943566
228750
106170
713206
812163
879811
667587
612868
499831
84850
116658
845672
458278
321548
913255
369713
127375
185092
671184
707644
608572
525701
297218
77279
345489
292396
945091
611622
431639
196335
141540
891557
425085
247711
121115
237249
643874
788703
366469
660057
389905
483127
505729
848184
321027
935336
734249
448402
636781
405433
672399
761705
447486
969617
838985
309327
778365
300428
920949
210004
496763
578841
617913
921848
342904
739029
675449
986778
527732
41918
646835
433989
41397
668916
798525
878777
604253
532774
327179
241034
454559
515930
2739
418397
1899
358076
727724
780265
658504
165025
506621
155267
743867
124535
593468
86771
379916
785269
589902
424000
827188
236737
857989
384937
422006
172867
263714
26259
705641
107246
783645
676553
623176
302736
94950
625076
177165
339027
921693
835669
504052
944666
507289
764271
585553
617109
367395
965469
402378
957297
389469
745918
710386
247459
130856
132392
420326
394570
675003
642319
18168
975000
318872
157697
277737
930175
299125
971254
785554
220818
806923
805958
681836
314212
570230
267390
447673
937625
232859
850052
894922
622329
595970
121660
386140
726826
254053
322818
637749
929056
965137
655917
420409
800362
813614
