100
2508
18915
33386
52638
56882
57487
73420
76145
107734
120651
124944
128871
128913
137525
151744
154199
172717
175900
177399
185903
212136
223939
233434
249676
289879
314556
326359
327323
330921
331957
350746
387181
390153
395187
401698
411411
412672
413907
416190
465310
476287
483606
486719
496941
502364
505490
507702
526521
527678
540282
544206
555164
557895
562977
564336
564606
565639
572947
609220
617433
621211
622979
623535
625487
629014
649213
649379
653698
665793
676432
694311
694510
711167
721701
729719
751144
764694
796521
815137
838561
843996
853155
873899
907313
909867
915469
917930
919249
920374
921831
934360
952428
953977
971462
975061
978390
987363
990989
993347
996401
