10000
0
29
491
506
709
762
818
965
1323
1515
1524
1637
1648
1791
1894
1899
2030
2081
2132
2195
2237
2293
2675
2696
2739
3104
3209
3272
3706
3831
3951
4003
4231
4234
4254
4371
4481
4485
4575
4734
4803
4867
4902
5003
5201
5222
5278
5335
5475
5509
5571
5586
5606
5646
5693
5729
6016
6189
6405
6507
6582
6711
6753
6952
7472
7538
7632
7709
7713
7987
8101
8239
8249
8263
8290
8421
8871
8887
8897
8915
8967
9158
9292
9314
9458
9485
9525
9574
9616
9692
9753
9756
9974
10302
10308
10342
10581
10821
10942
11052
11103
11283
11394
11622
11651
11925
11993
12000
12304
12349
12451
12511
12570
12599
12658
12693
12904
12907
12974
13031
13041
13157
13186
13236
13322
13486
13537
13660
13692
13793
13888
13907
13988
14201
14445
14496
14567
14614
14700
14978
15018
15039
15073
15143
15158
15177
15191
15309
15448
15483
15521
15534
15648
15913
15990
15997
16328
16439
16441
16491
16574
16968
17041
17108
17243
17301
17331
17651
17652
18104
18147
18156
18168
18202
18305
18318
18379
18680
18741
18826
18852
18947
19230
19391
19393
19494
19527
19548
19617
19699
19750
19823
19966
20067
20116
20134
20190
20422
20515
20530
20677
20690
20763
20802
20805
20821
20845
20931
20944
20959
21022
21045
21128
21204
21330
21558
21585
21599
21618
21659
21702
21831
21864
22001
22044
22120
22151
22166
22190
22411
22538
22548
22629
22839
22897
22934
23184
23295
23398
23559
23620
23964
24374
24417
24472
24509
24520
24569
24809
24897
24918
25079
25089
25094
25164
25255
25283
25397
25412
25534
25601
25731
25819
25932
26032
26087
26158
26196
26259
26280
26345
26531
26580
26616
26651
26708
26714
26769
26834
27248
27325
27389
27447
27551
27625
27660
27739
27844
27851
28069
28072
28113
28230
28472
28695
28996
29083
29086
29104
29119
29180
29276
29289
29289
29334
29347
29435
29512
29519
29706
29842
29854
30321
30540
30606
30670
30689
30689
30793
30811
30829
31185
31467
31561
31572
31658
31728
31766
31851
31964
32172
32200
32263
32265
32434
32636
32878
32884
32988
32996
33066
33418
33635
33645
33804
33874
33882
33993
34038
34101
34152
34211
34228
34309
34345
34347
34561
34577
34684
35099
35127
35163
35316
35411
35455
35616
35797
35834
35836
35881
35949
35974
36016
36080
36325
36331
36376
36617
36796
37023
37024
37099
37117
37342
37349
37452
37494
37536
37941
38171
38239
38278
38300
38336
38361
38510
38532
38551
38609
38725
38747
39019
39112
39138
39304
39635
39698
39716
39723
39740
39890
39957
40058
40180
40324
40408
40580
40699
40819
40984
41101
41192
41283
41397
41598
41750
41753
41799
41918
41992
41998
42100
42417
42551
42724
42828
43010
43100
43228
43495
43519
43736
43798
43992
44069
44098
44224
44419
44611
44697
44703
44723
44754
45086
45129
45165
45208
45216
45275
45557
45584
45740
45789
45790
45989
46277
46354
46506
46529
46771
46811
47081
47134
47175
47228
47278
47319
47335
47437
47589
47667
47693
47958
47977
48235
48260
48270
48284
48410
48638
49248
49256
49477
49563
49568
49602
49607
49638
49755
49796
49934
49958
49960
49983
50034
50043
50074
50086
50250
50284
50365
50585
50640
50776
50789
50912
51139
51178
51259
51406
51541
51733
51786
51917
51917
52048
52505
52517
52596
52670
52708
52735
52868
52887
52901
52955
53259
53335
53378
53441
53484
53534
53600
53729
53795
53857
54002
54010
54112
54377
54561
54612
54619
54638
54718
55056
55242
55491
55500
55592
55771
55907
56039
56157
56335
56431
56482
56552
56848
56939
56951
57018
57160
57239
57454
57459
57987
58015
58277
58349
58452
58518
58542
58608
58638
58656
58753
59178
59202
59352
59386
59477
59618
59627
59672
59819
59954
60153
60155
60467
60510
60570
60578
60678
60788
60917
60941
60994
61011
61031
61191
61251
61279
61306
61360
61592
61673
61796
61880
62131
62191
62235
62556
62566
62790
62903
62933
62948
63203
63278
63508
63528
63646
63735
63773
63825
63988
64020
64315
64405
64586
64841
65102
65168
65991
66004
66182
66256
66388
66398
66504
66526
66682
66747
66804
66818
67043
67061
67070
67126
67171
67235
67427
67446
67579
67583
67742
68105
68150
68250
68281
68345
68348
68425
68504
68531
68639
68819
68849
68862
68868
68873
68921
69065
69546
69583
69586
69698
69806
69914
70137
70140
70194
70240
70250
70292
70431
70647
70879
70928
70956
71025
71117
71226
71323
71376
71551
71562
71571
72045
72055
72202
72264
72271
72310
72345
72363
72461
72639
72676
72793
72811
72838
72875
72875
72930
73060
73180
73221
73222
73259
73560
73583
73693
73836
73869
73935
74231
74367
74411
74552
74726
74754
74827
74876
74885
75011
75081
75128
75350
75433
75531
75546
75992
76351
76546
76559
76670
76785
76825
76843
76859
76866
76895
77203
77236
77279
77287
77426
77456
77563
77655
77673
77676
77713
77829
78006
78202
78226
78324
78347
78364
78391
78639
78689
78715
78723
78857
78887
79152
79243
79390
79448
79522
79569
79629
79704
79825
79838
80057
80125
80456
80503
80616
80878
81061
81138
81157
81177
81392
81394
81590
81819
81899
82320
82402
82403
82480
82493
82606
82655
82692
82808
82999
83000
83067
83469
83488
83532
83607
83797
83845
83849
83954
84063
84114
84584
84681
84687
84787
84850
84858
85054
85165
85213
85390
85400
85500
85543
85601
85619
85801
85912
86191
86267
86334
86619
86771
86975
87042
87227
87283
87294
87299
87492
87626
87830
88001
88065
88227
88383
88598
88711
88927
89041
89198
89227
89241
89323
89340
89374
89400
89554
89799
89809
89854
89867
89904
89957
89971
89977
90003
90199
90348
90565
90674
90714
90756
90796
90801
90816
91011
91065
91096
91181
91211
91241
91280
91416
91479
91514
91527
91637
91809
91951
91968
92050
92176
92316
92371
92449
92720
92773
92921
92998
93103
93112
93251
93308
93389
93413
93634
93662
93729
93740
93758
93800
93926
94073
94135
94163
94401
94618
94708
94710
94735
94756
94880
94950
95006
95160
95194
95274
95333
95344
95378
95515
95529
95727
95845
95868
95915
95998
96008
96050
96188
96349
96384
96426
96504
96862
97006
97106
97165
97399
97451
97842
97900
97904
97910
98073
98120
98193
98220
98239
98286
98572
98605
98967
98999
99023
99124
99137
99169
99237
99303
99375
99654
99669
99682
99692
100192
100240
100315
100321
100465
100504
100506
100635
100649
100668
100777
100893
101020
101022
101086
101103
101180
101202
101268
101300
101323
101494
101838
101910
101969
102040
102046
102200
102308
102403
102599
102656
102664
102716
102781
102860
102865
103128
103132
103158
103382
103500
103534
103761
103839
104057
104076
104142
104313
104330
104354
104481
104494
104499
104665
104932
104957
104998
105034
105137
105157
105177
105404
105444
105535
105768
105803
105914
106042
106119
106170
106268
106358
106383
106446
106583
106918
106952
107124
107130
107246
107397
107412
107442
107496
107526
107629
107986
107993
108047
108140
108159
108269
108305
108333
108373
108473
108530
108708
108806
109026
109113
109172
109254
109318
109549
109756
109866
109943
110423
110566
110709
110726
110781
111039
111293
111387
111527
111607
111749
111869
111982
112118
112163
112644
112847
112944
112965
113149
113315
113322
113458
113567
113581
113609
113867
113920
114072
114298
114359
114526
114545
114634
114737
114909
115415
115528
115550
115582
115713
115732
115759
115778
115779
116030
116148
116161
116385
116453
116480
116535
116658
116667
116688
116769
116840
117017
117072
117141
117198
117258
117430
117522
117528
117779
117793
117857
117866
118098
118241
118329
118390
118433
118464
118540
118551
118628
118767
118880
118908
119043
119342
119361
119368
119386
119424
119456
119664
119976
119992
120061
120140
120169
120182
120247
120327
120348
120475
120562
120756
120932
120956
121115
121237
121262
121467
121470
121601
121660
121795
121905
121947
121973
122041
122044
122122
122163
122169
122169
122301
122382
122409
122557
122613
122728
123101
123164
123213
123312
123407
123558
123582
123659
123719
123967
124111
124124
124159
124423
124535
124540
124610
124679
124705
124744
124746
124882
125021
125093
125134
125137
125484
125508
125689
125702
126017
126070
126098
126144
126363
126532
126557
126578
126638
127140
127143
127159
127221
127375
127419
127557
127592
127718
127737
127743
127777
127995
128234
128263
128298
128437
128640
128752
128800
128802
128837
128846
128966
129080
129168
129197
129227
129264
129266
129282
129420
129429
129489
129582
129589
129616
129665
129690
129697
129834
129866
130080
130186
130320
130405
130448
130498
130560
130655
130664
130717
130856
130895
131129
131196
131245
131337
131357
131414
131420
131674
131743
131814
131832
131934
131969
132217
132229
132298
132392
132479
132527
132680
132693
132832
132840
132939
132942
133007
133380
133393
133499
133706
133806
133928
134008
134330
134396
134441
134450
134478
134559
134600
134687
134708
134757
134790
134896
135397
135929
136029
136049
136128
136181
136247
136402
136406
136525
136677
136778
136807
136992
137099
137112
137124
137139
137310
137389
137426
137536
137564
137766
137793
137859
137888
137933
137981
138079
138095
138170
138226
138277
138337
138351
138470
138501
138521
138596
138658
138700
138707
138738
138760
138841
138874
138958
139027
139053
139199
139297
139502
139672
139934
139938
140001
140100
140140
140162
140334
140464
140657
140672
140960
141019
141068
141192
141198
141257
141269
141285
141528
141540
141544
141733
141737
141766
141904
141925
142161
142165
142358
142561
142594
142638
142661
142701
142718
142836
142924
142978
143068
143405
143701
143749
144277
144545
144693
144985
145078
145388
145482
145496
145530
145645
145726
145787
145883
145961
145990
146227
146439
146568
146589
146617
146648
146664
146817
146860
146951
146960
147054
147190
147224
147275
147470
147793
148136
148189
148346
148430
148492
148673
148730
148912
148933
149018
149050
149249
149254
149285
149522
149619
149710
149711
149907
149943
150130
150287
150390
150427
150440
150537
150652
150711
150712
150748
150776
150822
150881
151025
151101
151181
151227
151237
151301
151333
151394
151643
151670
151873
151934
152015
152090
152324
152330
152499
152586
152608
153121
153207
153223
153240
153281
153366
153442
153444
153502
153513
153543
153555
153606
153618
153752
153776
153870
154034
154201
154261
154274
154296
154376
154387
154594
154604
154771
154772
154849
154940
154973
155267
155297
155397
155548
155711
155934
156042
156062
156099
156198
156499
156550
157063
157208
157234
157377
157445
157697
157748
157788
158050
158086
158248
158478
158525
158892
158975
159006
159156
159161
159268
159342
159556
159654
159655
159733
159786
160109
160111
160135
160258
160403
160458
160567
160808
160874
160948
160991
161395
161598
161619
161653
161661
161661
161756
161789
161918
162038
162105
162141
162180
162377
162386
162641
162655
162699
162735
162750
162916
163230
163445
163449
163520
163554
163717
163755
163827
163906
163936
164001
164231
164296
164349
164492
164500
164533
164563
164746
164805
164895
165025
165051
165079
165198
165294
165317
165366
165399
165416
165494
165574
165586
165617
165669
165865
166103
166145
166201
166205
166242
166268
166359
166389
166584
166666
166867
167117
167127
167209
167332
167433
167514
167741
167748
167895
167934
168054
168146
168242
168352
168588
168746
168924
169042
169182
169190
169220
169282
169420
169463
169682
169801
169830
169955
170277
170356
170412
170456
170553
170591
170659
170868
170911
171160
171215
171308
171324
171360
171384
171612
171619
171647
171659
171811
171912
171938
171947
171968
171988
172025
172110
172198
172238
172254
172307
172659
172758
172847
172867
173026
173061
173092
173107
173184
173262
173315
173525
173815
173876
173958
174008
174267
174321
174371
174597
174598
174822
174897
174909
174934
174999
175044
175205
175232
175386
175446
175519
175529
175611
175621
175651
175735
175838
175875
176010
176032
176039
176080
176110
176144
176193
176226
176342
176348
176465
176654
176744
176755
176775
176859
176924
177087
177089
177165
177231
177325
177338
177412
177532
177652
177721
177738
177738
177740
177824
177836
178012
178057
178123
178148
178160
178416
178475
178635
178719
178817
178996
179257
179379
179460
179615
179736
179938
180023
180041
180046
180069
180084
180270
180433
180665
180726
180778
180849
181251
181251
181305
181517
181744
181899
182068
182106
182180
182360
182447
182506
182653
182670
182694
182942
183052
183303
183334
183408
183424
183521
183536
183888
183921
183960
183981
183997
184200
184205
184314
184320
184381
184428
184741
184758
184965
184977
185092
185193
185471
185511
185523
185620
185836
186046
186048
186357
186519
186535
186709
186716
186791
186843
187075
187126
187165
187269
187407
187410
187450
187459
187950
188063
188191
188250
188465
188511
188535
188539
188597
188831
188849
188913
188988
188988
189003
189134
189150
189429
189512
189531
189602
189901
190126
190143
190149
190447
190454
190691
190694
190700
190767
190795
190888
190908
190945
191001
191259
191397
191762
191931
192477
192557
192628
192948
193041
193065
193093
193174
193307
193314
193316
193423
193457
193487
193768
193833
193926
194106
194137
194144
194388
194467
194495
194530
194569
194708
194850
194960
194981
195000
195161
195172
195219
195392
195623
195915
195917
195930
196015
196037
196235
196240
196243
196335
196405
196702
196773
197094
197103
197114
197115
197152
197174
197295
197417
197589
197616
197640
197741
197768
197772
197814
197851
197935
198069
198098
198312
198327
198372
198451
198672
198692
198767
198872
199088
199129
199144
199232
199530
199628
199809
199976
199989
200074
200183
200289
200300
200386
200512
200657
200701
200910
201094
201128
201156
201217
201272
201293
201400
201505
201519
201773
201784
201928
201970
201972
201997
202003
202157
202180
202258
202327
202413
202545
202557
202778
203120
203185
203572
203802
203812
203950
203981
204210
204224
204264
204376
204641
204710
204731
204742
204794
204800
204855
204870
204890
205081
205213
205350
205378
205388
205390
205456
205460
205502
205507
205861
205916
205922
206100
206170
206255
206307
206319
206386
206428
206488
206623
206646
206655
206800
206830
206845
206852
207042
207088
207284
207291
207298
207359
207411
207414
207421
207669
207803
207832
208079
208086
208092
208403
208457
208491
208708
209011
209379
209464
209469
209507
209658
209664
209669
209785
209850
209887
209925
209950
209963
209964
210004
210004
210255
210263
210417
210649
210717
210785
210821
210863
211000
211051
211053
211143
211260
211391
211442
211655
211694
211705
211841
211939
211950
211957
211988
211994
212034
212362
212504
212538
212673
212676
212860
212916
213013
213029
213044
213129
213329
213355
213365
213373
213643
213743
213833
214077
214172
214290
214305
214738
214749
215126
215154
215180
215186
215204
215214
215476
215642
216066
216095
216373
216561
216588
216634
216746
216808
216900
217026
217038
217046
217072
217108
217180
217291
217512
217872
218039
218247
218264
218275
218380
218459
218470
218561
218691
218827
218854
218859
219037
219050
219066
219176
219290
219430
219539
219577
219673
219734
219736
219807
220160
220298
220387
220618
220797
220818
220965
220984
221118
221387
221431
221643
221692
221728
221784
221790
221968
222009
222029
222145
222202
222217
222251
222484
222519
222663
222669
222672
222702
222916
222971
223097
223166
223435
223511
223797
223850
224079
224167
224218
224302
224481
224497
224527
224630
224722
224780
224901
225278
225369
225372
225379
225433
225471
225671
225912
225920
225950
225981
226095
226251
226371
226381
226446
226519
226554
226755
226770
226793
226855
227086
227194
227202
227356
227372
227396
227528
227573
227666
227749
227791
227815
227880
227900
228029
228069
228122
228199
228199
228310
228450
228704
228750
228755
228787
228810
229193
229250
229362
229381
229442
229614
229634
229726
229869
229961
230201
230426
230534
230584
230652
230756
230760
230819
231004
231034
231087
231178
231192
231229
231386
231390
231455
231478
231589
231826
231885
231982
232152
232205
232211
232452
232454
232604
232759
232831
232859
232947
232980
233097
233192
233199
233305
233350
233442
233483
233681
233765
233774
233792
233807
233833
234014
234469
234543
234705
234734
234759
234977
235216
235230
235305
235480
235481
235486
235526
235593
235753
235834
235937
235987
235999
236013
236093
236287
236288
236356
236626
236631
236684
236687
236737
236737
236848
236895
237010
237107
237249
237376
237384
237420
237484
237528
237841
237843
238107
238166
238196
238259
238386
238600
238726
238816
238823
239190
239241
239439
239480
239546
239705
239705
239729
239738
240109
240262
240293
240530
240735
240807
240868
240915
240931
240956
241034
241036
241036
241048
241183
241215
241290
241433
241569
241624
241745
241820
242049
242053
242261
242325
242375
242386
242409
242453
242454
242551
242587
242591
242608
242815
242853
242863
242870
243164
243188
243236
243470
243520
243685
243860
243921
244013
244095
244148
244177
244184
244247
244387
244508
244666
244673
244839
244855
245000
245006
245081
245145
245289
245449
245487
245505
245534
245814
245898
245950
246073
246168
246303
246303
246305
246374
246387
246422
246526
246778
246852
247069
247459
247614
247675
247711
247717
247741
247797
247835
247918
247984
248010
248015
248025
248146
248174
248239
248242
248274
248281
248316
248337
248414
248792
248809
248919
249147
249179
249466
249617
249624
249633
249762
249877
249927
249954
249980
250332
250348
250493
250558
250598
250611
250637
250677
250801
250806
251090
251113
251323
251325
251393
251434
251758
251892
251925
251958
252229
252276
252311
252698
252854
252933
252963
253167
253176
253219
253224
253288
253316
253319
253344
253403
253430
253499
253562
253596
253613
253695
253928
254000
254025
254053
254088
254173
254300
254371
254419
254461
254510
254609
254618
254739
254992
255321
255396
255461
255535
255584
255591
256238
256256
256342
256358
256398
256623
256639
256726
256850
256859
256892
256921
256945
257062
257173
257247
257252
257288
257319
257320
257419
257438
257496
257740
257779
257821
257832
257865
258060
258119
258528
258647
258687
258694
258753
258775
258783
258965
259031
259101
259117
259176
259184
259271
259516
259617
259797
259876
260019
260052
260392
260435
260625
260725
260833
260852
261050
261113
261153
261294
261460
261474
261476
261490
261497
261535
261596
261737
261794
261816
261978
262016
262023
262024
262212
262231
262319
262739
262741
262950
263073
263096
263714
263759
263785
263875
263891
263934
264136
264191
264242
264334
264608
264879
264943
265018
265018
265030
265057
265112
265143
265184
265273
265490
265594
265622
265650
265845
266117
266126
266142
266193
266198
266315
266330
266454
266490
266743
266744
266773
266823
266837
266930
266965
267195
267369
267390
267660
267801
267818
268061
268517
268677
268722
268742
268744
269048
269377
269494
269614
269822
269848
269916
269953
269953
269969
270356
270463
270629
270795
271003
271019
271085
271188
271213
271220
271300
271427
271589
271598
271619
271667
271681
271825
272338
272348
272382
272387
272497
272537
272675
272942
273105
273218
273268
273273
273295
273321
273391
273398
273407
273647
273852
273974
274325
274344
274677
274731
275050
275055
275069
275298
275330
275431
275450
275462
275611
275715
275728
275873
276012
276066
276165
276217
276230
276237
276268
276304
276317
276480
276578
276703
276750
276833
277008
277014
277030
277071
277117
277150
277152
277418
277548
277570
277676
277716
277727
277737
278141
278186
278427
278529
278535
278674
278678
278732
278911
279019
279062
279135
279246
279442
279975
280368
280436
280503
280576
280720
280813
281058
281536
281569
282095
282393
282427
282642
282656
282697
282838
282975
283312
283365
283379
283420
283471
283618
283700
283898
283948
284174
284201
284275
284367
284744
284813
284843
284879
284979
285096
285129
285132
285528
285709
285785
285918
286136
286370
286523
286525
286569
286657
286669
286684
286755
286763
286793
286815
286927
287062
287109
287216
287356
287419
287474
287622
287778
287938
287952
288014
288133
288206
288324
288496
288561
288574
288611
288789
288988
289271
289474
289507
289600
289813
289837
289923
289930
289949
290039
290155
290165
290315
290324
290354
290464
290618
290656
291068
291165
291250
291253
291301
291309
291354
291402
291447
291611
291835
291875
291975
292072
292084
292297
292347
292396
292400
292690
292813
292835
292981
293247
293369
293692
293797
293820
293827
293860
293875
293970
294111
294181
294291
294389
294404
294406
294533
294602
294645
294759
294791
294827
295075
295130
295216
295392
295406
295557
295631
295661
295664
295714
295756
295805
295888
296108
296144
296170
296215
296322
296456
296501
296517
296567
296665
296677
296775
296925
296972
297155
297218
297486
297609
297709
297912
298242
298432
298553
298892
298931
299005
299125
299209
299286
299341
299382
299434
299495
299529
299720
299735
300080
300125
300428
300434
300464
300725
301056
301117
301230
301385
301471
301473
301759
301783
301818
301896
301953
302314
302314
302331
302433
302444
302486
302598
302679
302692
302736
302745
302816
302949
303096
303292
303405
303422
303431
303436
303621
303636
303791
303929
304016
304068
304074
304139
304159
304186
304257
304389
304426
304489
304508
304616
304834
304879
305081
305545
305891
305987
306092
306161
306220
306375
306427
306457
306485
306523
306573
306758
306898
307029
307148
307184
307289
307292
307374
307433
307447
307575
307628
307837
307866
308088
308384
308424
308728
308765
308794
309027
309142
309175
309271
309327
309517
309599
309608
309636
309668
309787
309848
310274
310324
310355
310451
310454
310493
310582
310648
310718
310851
310983
311218
311425
311446
311541
311781
311793
311808
311912
311964
312056
312123
312188
312242
312250
312267
312349
312565
312604
312760
313001
313158
313215
313235
313241
313272
313313
313390
313427
313863
313872
313908
314212
314295
314381
314636
314641
314761
314833
314870
315106
315108
315428
315492
315724
315737
315816
315870
315924
316010
316046
316070
316189
316290
316346
316357
316485
316545
316625
316710
316762
316797
317045
317055
317147
317238
317260
317328
318076
318145
318252
318288
318514
318579
318761
318787
318872
318914
319196
319428
319461
319561
319593
320197
320360
320675
320847
320897
321027
321071
321075
321344
321423
321441
321525
321548
321726
321833
321862
321983
322130
322254
322443
322567
322621
322765
322785
322818
322886
322948
322983
323060
323157
323447
323465
323497
323544
323544
323570
323602
323799
323815
323860
323927
323943
323955
324004
324086
324361
324462
324540
324631
324804
324851
325254
325369
325377
325466
325519
325816
325987
326022
326128
326166
326259
326349
326482
326499
326510
326553
326589
326607
326756
326887
327055
327179
327299
327384
327500
327544
327716
327749
328039
328099
328110
328110
328115
328186
328607
328646
328832
328939
329004
329013
329275
329348
329410
329413
329573
329587
329591
329670
329737
329773
329775
329865
329902
329926
330100
330145
330280
330371
330373
330499
330568
330735
330984
331091
331095
331187
331250
331265
331268
331494
331567
331633
331703
331896
331974
332187
332422
332535
332572
332607
332904
333064
333181
333366
333505
333603
333792
333967
334399
334573
334586
334649
334859
334885
334921
335010
335131
335149
335159
335356
335372
335393
335411
335551
335584
335678
335795
335943
335978
336122
336285
336637
337125
337446
337594
337694
337717
337926
338007
338073
338536
338613
338814
338827
338926
339027
339122
339158
339285
339306
339615
339761
339777
339778
339936
340278
340329
340350
340679
341050
341094
341116
341126
341201
341387
341487
341676
341692
341900
342188
342232
342278
342306
342372
342476
342480
342535
342648
342722
342751
342809
342867
342904
342968
343126
343161
343273
343457
343632
343701
343812
344194
344284
344472
344494
344656
345021
345168
345207
345366
345420
345423
345489
345525
345556
345596
345653
345657
345819
345841
345867
345885
345923
345944
346069
346250
346265
346348
346376
346751
346755
346834
346885
346896
346953
347083
347248
347315
347318
347425
347472
347524
347753
347956
347990
348186
348212
348317
348541
348587
348778
349083
349088
349095
349120
349359
349377
349386
349444
349841
349934
349952
349966
349986
350227
350456
350679
350742
350761
350950
351083
351117
351163
351262
351318
351321
351389
351442
351502
351678
351962
352086
352111
352129
352345
352555
352615
352689
352764
352844
352899
352939
353100
353121
353223
353281
353287
353346
353736
353797
353843
353891
353898
353943
354090
354091
354152
354453
354575
354822
354935
354988
355081
355401
355427
355595
355646
355671
356064
356112
356396
356404
356596
356647
356660
356665
356829
356919
356967
357318
357642
357769
357816
357818
358027
358039
358076
358143
358327
358424
358467
358490
358575
358625
358773
358854
358881
359014
359114
359160
359243
359333
359491
359563
359574
359672
359758
359806
359861
360101
360296
360446
360481
360939
361014
361034
361264
361406
361442
361571
361593
361635
361977
361993
362023
362234
362238
362280
362549
362707
362743
362949
362957
362965
362971
363034
363054
363065
363089
363163
363172
363405
363483
363602
363609
363812
363967
364140
364242
364334
364404
364444
364452
364556
364570
364620
364671
364684
364960
365018
365092
365128
365223
365360
365367
365427
365451
365582
365592
365678
365717
365724
365735
365772
366100
366202
366352
366435
366469
366862
366962
366979
367196
367292
367395
367446
367510
367685
367747
367886
367966
368116
368138
368139
368164
368228
368337
368445
368501
368606
368652
368707
368826
368850
368960
368985
369052
369064
369102
369151
369317
369341
369363
369472
369488
369713
369878
370047
370056
370159
370272
370281
370500
370713
370715
370857
370880
371172
371234
371247
371590
371631
371729
371733
371776
371861
371994
371996
372014
372089
372210
372216
372534
372606
372798
372893
372905
372906
373008
373101
373129
373381
373506
373516
373584
373758
373820
374064
374065
374076
374118
374155
374542
374557
374643
374680
375002
375213
375264
375277
375283
375329
375811
375904
376022
376022
376157
376167
376276
376326
376334
376519
376564
376784
376795
376956
376995
377139
377285
377339
377348
377370
377549
377569
377806
377853
377863
377894
377949
378010
378048
378192
378283
378337
378362
378400
378553
378598
378667
378725
378794
378817
379107
379111
379198
379214
379539
379677
379693
379703
379720
379743
379792
379818
379916
380192
380336
380370
380415
380423
380596
380630
380670
380745
380754
380938
381078
381480
381547
381571
381650
381814
381831
382015
382201
382429
382541
382875
382956
383062
383110
383280
383303
383575
383636
383648
383734
383758
383788
383795
384364
384367
384442
384503
384702
384761
384882
384937
385189
385200
385239
385309
385343
385703
385730
385749
385858
385868
385879
385973
386140
386235
386470
386523
386544
386605
386865
386967
387160
387327
387441
387585
387711
387759
387806
387872
387906
388037
388322
388344
388538
388732
388772
388828
388865
388896
389024
389038
389094
389122
389171
389210
389224
389371
389469
389567
389905
389911
389918
389999
390036
390234
390341
390380
390408
390414
390472
390477
390535
390566
390738
390878
390958
391103
391179
391427
391480
391726
391731
392172
392472
392624
392775
392946
392969
392987
392998
393168
393228
393317
393321
393429
393440
393483
393551
393663
393844
393969
394084
394393
394443
394475
394498
394534
394570
394594
394784
394843
395000
395082
395089
395144
395383
395388
395394
395455
395490
395492
395822
395910
396051
396070
396117
396460
396491
396624
396654
396723
396744
397155
397374
397503
397518
397582
397614
397715
397726
397770
397933
397968
397984
398022
398040
398167
398236
398408
398535
398592
398628
398916
398933
398935
399072
399104
399116
399172
399349
399508
399513
399782
399892
400077
400150
400208
400277
400322
400472
400504
400732
400760
401000
401098
401264
401271
401293
401302
401334
401449
401618
401766
401811
401911
402090
402165
402243
402361
402378
402427
402445
402505
402534
402574
402702
402780
402944
403079
403163
403197
403479
403657
403682
403696
403856
404086
404138
404517
404546
404703
404800
404818
404916
405039
405258
405273
405280
405282
405297
405335
405433
405467
405503
405565
405605
405695
405710
405721
405772
405772
405842
405875
405997
406058
406111
406132
406231
406359
406493
406606
406688
406878
407084
407133
407301
407387
407411
407447
407871
407926
407927
407933
408083
408139
408318
408363
408595
408713
408768
408978
409250
409264
409265
409267
409347
409363
409482
409723
409773
409802
410099
410145
410280
410390
410411
410520
410705
410739
410767
410921
410971
410979
411117
411241
411410
411527
411597
411724
412005
412186
412232
412239
412262
412389
412421
412496
412664
413048
413072
413146
413201
413246
413571
413950
414003
414096
414137
414142
414186
414344
414372
414461
414553
414623
414634
414740
414839
414883
414917
414937
414967
414970
415061
415123
415171
415199
415334
415392
415619
415671
415727
415728
415773
415804
415942
416087
416115
416275
416449
416655
416749
416862
416974
417114
417157
417263
417316
417320
417453
417560
417655
417735
417896
417898
417910
418026
418172
418276
418330
418397
418487
418640
418852
418942
419126
419129
419161
419284
419346
419358
419647
419648
419773
419773
419784
419908
419999
420259
420326
420409
420443
420577
420655
420705
420724
420793
420859
420886
420941
421005
421045
421267
421518
421767
421827
421828
421865
421884
421983
422006
422064
422179
422326
422345
422380
422600
422698
422769
423376
423394
423429
423480
424000
424076
424235
424404
424510
424520
424546
424563
424842
424954
424980
424981
425085
425187
425366
425412
425437
425596
425882
425947
425954
425969
425975
426033
426181
426182
426714
426805
426827
426830
427122
427165
427195
427225
427290
427309
427363
427367
427600
427762
427844
427948
428102
428154
428231
428421
428518
428589
428611
428643
428726
428804
428832
428928
428989
429299
429348
429418
429460
429485
429492
429606
429662
429757
429880
429894
429999
430052
430066
430110
430204
430328
430359
430428
430482
430579
430626
430743
430744
430971
431059
431087
431200
431278
431423
431528
431595
431639
431717
431845
431925
432266
432293
432438
432743
432832
433016
433068
433455
433476
433476
433541
433668
433755
433828
433871
433907
433989
434053
434245
434286
434412
434496
434516
434522
434752
434828
434944
435244
435260
435378
435391
435636
435922
435966
436265
436331
436454
436503
436535
436625
436737
436849
437039
437065
437278
437282
437376
437414
437553
437677
437795
437899
437940
437973
438004
438029
438139
438320
438488
438537
438618
438672
438682
438699
438700
438716
438761
438823
439029
439079
439209
439366
439544
439564
439621
439675
439743
439763
439813
439815
439919
440017
440324
440377
440528
440587
440690
440746
440783
440811
440848
440892
440905
440921
441058
441188
441395
441432
441439
441570
441634
441665
441702
441721
441799
441907
441978
441990
442051
442092
442263
442333
442408
442426
442450
442480
442546
442591
442663
442689
442739
442906
442931
442932
443033
443098
443152
443156
443206
443367
443375
443743
443812
443813
443845
443896
443957
444011
444133
444354
444374
444419
444676
444774
444955
445094
445279
445387
445398
445422
445446
445486
445507
445635
446115
446280
446384
446689
446730
446730
446934
447004
447044
447327
447486
447612
447673
447742
447867
447950
447989
448081
448084
448126
448165
448253
448402
448527
448608
448614
448625
448919
448984
449186
449230
449326
449504
449524
449645
449699
449764
449785
449848
449940
450010
450085
450180
450213
450221
450268
450513
450752
450808
450957
451659
451750
451776
451873
452081
452235
452522
452629
452902
452925
453082
453195
453346
453544
453759
454023
454352
454559
454568
454676
455038
455113
455145
455616
455685
455819
455839
455889
455942
456031
456223
456264
456460
456636
456728
456917
457169
457406
457809
457865
458087
458278
458522
458533
458574
458605
458731
458820
458848
458883
459001
459214
459219
459264
459306
459309
459335
459552
459637
459666
459790
459790
459805
459831
459841
459901
459906
459909
460049
460088
460237
460507
460512
460579
460591
460647
460817
460846
461065
461178
461632
461656
461900
462156
462332
462458
462644
462720
462759
462802
462882
463014
463043
463243
463622
463699
463753
463784
463794
463894
463935
463938
464022
464336
464338
464384
464607
464671
464878
464887
464931
465019
465215
465244
465356
465360
465599
465704
465713
465774
465835
466020
466164
466197
466276
466286
466319
466633
466634
466889
467186
467203
467269
467316
467359
467378
467484
467535
467684
467794
467875
468069
468348
468441
468516
468811
468876
469002
469069
469306
469447
469682
469712
469782
469997
470051
470158
470579
470686
470719
470758
470935
470994
471049
471185
471203
471328
471468
471543
471653
471669
471677
471721
472726
472762
473043
473100
473179
473291
473318
473345
473511
473584
473776
473798
473841
473844
474087
474108
474241
474363
474456
474592
474596
474982
475275
475281
475383
475506
475673
475689
475699
475809
475869
475922
476224
476280
476334
476371
476441
476518
476535
476551
476596
476670
476859
476923
476981
477040
477197
477337
477579
477593
477736
478038
478081
478193
478195
478332
478348
478376
478460
478513
478562
478692
478738
478939
478949
479091
479194
479261
479274
479278
479522
479545
479546
479569
479820
479874
479896
479964
480017
480070
480090
480169
480206
480562
480646
480749
480828
480868
480894
480946
481047
481108
481382
481742
481743
481759
481774
481832
482011
482071
482112
482125
482141
482312
482528
482851
482893
482933
483041
483127
483153
483253
483440
483642
483652
484204
484229
484397
484472
484517
484626
484733
484777
484833
484883
484994
485075
485181
485217
485374
485434
485491
485682
485766
485871
485954
485972
486046
486083
486178
486182
486197
486344
486566
486589
486605
486810
486869
486899
487251
487324
487335
487402
487411
487433
487689
487694
487850
487886
488053
488644
488755
488988
488999
489123
489132
489280
489453
489507
489604
489744
489770
489799
489846
489943
489995
490325
490398
490423
490502
490532
490978
491208
491236
491522
491549
491594
491862
492004
492095
492177
492204
492319
492485
492820
492829
492920
492934
492952
492997
493037
493153
493293
493338
493458
493583
493650
493905
493950
494107
494119
494194
494286
494335
494347
494548
494593
494708
494821
494830
494935
494947
495107
495284
495353
495480
495645
495691
495703
495722
495898
495973
495977
495981
495988
496092
496126
496147
496201
496419
496419
496763
497064
497143
497223
497226
497233
497240
497253
497476
497485
497511
497569
497709
497719
497757
498119
498415
498477
498551
498552
498579
498645
498825
499328
499383
499412
499674
499719
499755
499762
499831
499896
500024
500150
500284
500304
500438
500514
500615
500829
500839
500857
500913
501258
501367
501371
501512
501694
501857
502147
502359
502622
502825
502919
502939
502989
503005
503125
503285
503362
503550
503600
503622
503657
503928
504016
504052
504291
504387
504474
504967
504996
504998
505084
505394
505538
505729
505772
505830
505877
505885
506022
506035
506087
506101
506184
506224
506343
506420
506508
506621
506675
506855
507041
507087
507106
507119
507289
507556
507644
507669
507713
507902
508055
508435
508483
508645
508705
508766
508801
508950
508991
509048
509199
509204
509365
509435
509532
509573
509627
509868
509914
509959
509970
510205
510503
510683
510703
510766
510876
510993
511038
511439
511673
511688
511797
512003
512118
512190
512298
512589
512606
512728
512762
512797
512801
513045
513147
513206
513212
513276
513403
513505
513777
513821
513870
513969
514001
514189
514234
514367
514478
514678
514847
514979
515143
515153
515167
515168
515170
515257
515316
515461
515715
515862
515898
515930
515966
516139
516193
516357
516426
516490
516536
516564
516857
517076
517090
517107
517111
517112
517182
517312
517318
517526
517704
517857
518027
518092
518111
518193
518347
518347
518461
518668
518675
518679
518698
518819
518845
519008
519114
519174
519210
519248
519262
519461
519758
519792
520095
520115
520286
520405
520555
520586
520637
520877
520972
521001
521081
521151
521254
521263
521607
521676
521740
521929
522159
522312
522398
522439
522477
522570
522600
522623
522759
522765
522804
522879
523214
523252
523380
523382
523617
523746
523834
524006
524130
524295
524395
524413
524438
524456
524584
524638
524664
524699
524747
524821
524896
525058
525500
525701
525839
525857
525943
525969
525975
526062
526127
526201
526204
526311
526349
526504
526584
526674
526684
526700
526711
526930
527017
527099
527214
527301
527400
527465
527498
527732
527843
527871
527941
527962
527965
527990
528139
528619
528621
528641
528748
528875
529001
529005
529245
529274
529376
529403
529434
529513
529587
529888
529918
530243
530336
530359
530441
530451
530533
530545
530579
530619
530694
530717
530822
530867
530944
531011
531128
531419
531429
531603
531744
531759
531794
531803
531847
531892
531996
532002
532065
532253
532512
532543
532644
532672
532774
532798
532936
532938
533074
533114
533137
533323
533371
533390
533523
533598
533666
533690
533692
533722
533897
533929
533998
534129
534155
534194
534257
534288
534539
534732
534954
534966
535202
535215
535394
535444
535480
535527
535533
535691
535806
536040
536202
536240
536318
536626
536773
536947
537049
537057
537090
537387
537537
537566
537625
537798
537802
537802
537809
537827
537879
537923
537967
538006
538091
538284
538383
538390
538460
538468
538506
538555
538829
539046
539143
539434
539453
539529
539730
540253
540476
540640
540640
540814
540836
540836
540841
540874
541045
541071
541073
541090
541115
541133
541315
541381
541482
541671
541784
541962
541982
542181
542265
542320
542366
542380
542414
542419
542579
542795
542924
542927
543081
543159
543420
543529
543572
543623
543733
544051
544073
544272
544474
544513
544746
544945
545111
545340
545395
545511
545528
545547
545603
545740
545825
546083
546210
546523
546584
546599
546674
546956
547198
547204
547355
547657
548014
548024
548282
548433
548493
548523
548547
548760
548768
548819
548908
548985
549048
549156
549323
549442
549463
549621
549704
549996
550170
550200
550266
550344
550428
550595
550654
550910
551025
551108
551182
551311
551690
551761
551796
551832
551908
552026
552282
552320
552426
552450
552530
552608
552673
552732
552774
552805
552970
553046
553101
553281
553320
553340
553371
553373
553425
553472
553558
553595
553821
553905
553948
553971
553990
554236
554328
554368
554401
554412
554472
554741
554941
554952
555061
555218
555520
555528
555639
555942
556088
556228
556405
556964
557048
557143
557281
557339
557358
557517
557583
557602
557640
557663
557739
558233
558278
558382
558439
558785
558871
558906
558977
559065
559184
559252
559312
559366
559407
559431
559767
559951
560017
560017
560041
560227
560354
560355
560623
560694
560697
560727
560763
561007
561042
561072
561446
561760
561785
561906
562209
562262
562310
562334
562384
562482
562569
562605
562642
562970
562987
563123
563147
563264
563296
563573
564011
564220
564225
564312
564373
564390
564484
564488
564489
564592
564630
564739
564910
565063
565225
565277
565410
565508
565562
565639
565689
565777
566091
566486
566733
567000
567003
567029
567070
567084
567186
567343
567585
567627
567738
567808
567857
567949
568266
568413
568745
568790
568813
569255
569420
569490
569537
569549
569662
569682
569717
569806
569880
570008
570069
570160
570198
570230
570334
570353
570509
570641
570830
571061
571083
571159
571332
571454
571569
571951
571999
572270
572404
572465
572902
572902
572929
572946
573007
573263
573460
573482
573513
573574
573611
573647
573685
573787
574207
574216
574254
574470
574514
574525
574592
574874
574979
575239
575258
575331
575337
575394
575517
575566
575628
575986
576027
576064
576076
576163
576252
576262
576445
576454
576767
576796
576999
577265
577333
577389
577559
577593
577603
577629
577707
577728
577930
577959
578030
578047
578118
578595
578675
578831
578841
578975
579034
579196
579317
579507
579510
579745
579936
579986
580136
580261
580264
580269
580341
580375
580462
580719
580732
580881
580947
580961
580970
580979
581052
581177
581289
581367
581547
581906
582009
582030
582060
582292
582355
582664
582737
582740
582786
582804
583002
583077
583179
583241
583531
583727
583739
583760
583795
583953
584155
584266
584385
584513
584534
584724
585014
585065
585286
585450
585553
585611
585648
585910
586022
586249
586332
586351
586511
586629
586741
586941
586958
587091
587155
587201
587260
587310
587381
587597
587617
588009
588246
588255
588350
588437
588508
588597
588803
589089
589109
589128
589210
589247
589306
589328
589421
589498
589516
589693
589750
589769
589818
589897
589902
589905
590274
590321
590338
590383
590534
590876
591159
591227
591305
591494
591757
592019
592068
592268
592440
592593
592635
592800
592836
592845
592855
592866
592998
593018
593069
593128
593151
593179
593185
593439
593468
593522
593694
593712
593805
593817
593831
593854
594074
594221
594295
594643
594718
594719
594723
594805
594828
594921
594925
594932
595148
595457
595633
595908
595916
595970
596017
596152
596216
596492
596854
596920
596942
596963
597068
597075
597208
597413
597455
597922
598230
598237
598263
598282
598354
598436
598472
598635
598710
598763
598786
598842
598858
598872
598913
599110
599256
599356
599527
599606
599631
599803
599844
599864
599870
599894
599917
600134
600160
600172
600177
600242
600243
600275
600511
600513
600565
600810
600872
600873
601283
601425
601606
601660
601727
601810
602037
602132
602202
602237
602382
602389
602438
602605
602625
602650
602824
602866
602913
603011
603176
603263
603409
603417
603476
603602
603640
603999
604253
604263
604337
604390
604415
604602
604756
604776
604870
604879
604921
604987
605057
605079
605089
605202
605413
605545
605769
605898
606069
606134
606189
606252
606356
606441
606490
606632
606935
607099
607111
607126
607390
607405
607454
607629
607829
607927
607938
608024
608179
608227
608401
608469
608541
608572
608619
608884
608948
608958
609076
609082
609239
609486
609494
609712
609770
609795
610062
610067
610110
610235
610236
610385
610396
610498
610545
610591
610592
610677
610766
610880
610912
610998
611030
611262
611622
611901
611913
611922
612107
612118
612136
612149
612155
612191
612749
612784
612796
612805
612868
612923
612945
613086
613218
613441
613498
613557
613835
613856
613862
613894
614088
614123
614137
614199
614235
614265
614274
614453
614483
614484
614498
614773
614776
615019
615090
615173
615276
615394
615555
615696
615754
615755
615846
615863
615884
615890
616015
616040
616092
616324
616327
616359
616380
616458
616468
616545
616616
616617
616704
616834
616842
616930
617071
617109
617129
617203
617330
617441
617913
618152
618167
618193
618268
618294
618340
618470
618746
618798
619134
619166
619248
619524
619555
619658
619836
619881
619950
619975
619987
620020
620208
620218
620265
620366
620457
620952
621708
621758
621811
621815
621875
621908
622329
622890
622976
623075
623138
623176
623263
623328
623379
623380
623440
623448
623697
623871
623892
623913
623944
624042
624056
624086
624128
624182
624403
624526
624665
624666
624678
624803
624859
625070
625076
625094
625231
625284
625326
625375
625394
625459
625464
625472
625663
625772
625836
626361
626537
626720
626941
627115
627144
627151
627176
627226
627340
627341
627407
627451
627471
627497
627515
627516
627528
627590
627594
627672
627712
627745
627759
627940
628423
628691
628753
628854
628888
628929
628948
629296
629373
629373
629379
629612
629793
629874
630015
630165
630189
630267
630339
630450
630457
630670
630696
630739
630893
630896
631006
631033
631254
631308
631345
631350
631432
631628
631631
631645
631883
631901
632013
632038
632056
632169
632180
632237
632256
632695
632710
632859
632872
633058
633130
633232
633543
633580
633772
633892
633930
634297
634330
634455
634531
634602
634644
634663
634753
634768
634830
634840
635092
635464
635790
636003
636200
636250
636477
636596
636781
636811
636875
636986
637079
637088
637275
637395
637405
637439
637749
637759
638057
638065
638274
638305
638324
638435
638464
638552
638714
638724
638823
638873
638950
639085
639449
639667
639676
639967
640051
640285
640451
640601
640754
640784
640858
640995
641264
641461
641476
641485
641530
641535
641602
641708
642144
642219
642319
642339
642345
642360
642515
642607
642811
643058
643112
643157
643161
643193
643206
643274
643275
643283
643316
643385
643394
643874
644169
644442
644590
644706
644806
645062
645209
645430
645558
645585
645757
645968
645973
646008
646128
646139
646175
646260
646541
646546
646657
646670
646835
646868
646916
647121
647148
647152
647468
647567
647698
647725
648042
648053
648203
648300
648541
648546
648614
648623
648769
648965
648991
649193
649208
649217
649408
649437
649742
649742
649791
649844
650127
650194
650233
650504
650536
650619
650636
650779
650815
651309
651702
651711
651746
651786
651881
651912
651972
652350
652357
652422
652489
652505
652514
652645
652754
652865
652867
653027
653035
653043
653278
653369
653394
653429
653449
653521
653582
653835
653935
653970
654104
654285
654397
654422
654484
654564
654568
654570
654697
654860
654902
654955
655104
655173
655246
655412
655550
655648
655649
655733
655746
655809
655894
655917
656073
656227
656239
656340
656386
656504
656569
656657
656781
656797
656973
656984
657038
657119
657124
657184
657199
657202
657251
657348
657370
657382
657531
657546
657747
657761
657837
658060
658241
658250
658385
658397
658504
658607
658899
658965
659001
659091
659109
659176
659185
659296
659304
659329
659467
659474
659564
659627
659649
659661
659721
659778
659944
660057
660088
660260
660273
660351
660685
660777
660876
661140
661140
661236
661288
661447
661471
661474
661545
661563
661601
661636
661658
661806
662149
662244
662420
662495
662596
662696
662706
662749
662801
662960
662975
662989
663248
663324
663458
663506
663606
663753
663884
663913
664267
664391
664504
664727
665058
665118
665218
665280
665602
665669
665680
665713
665734
665890
665942
666085
666103
666106
666138
666217
666253
666751
666943
667022
667134
667264
667387
667394
667444
667541
667587
668022
668273
668286
668373
668388
668443
668464
668502
668693
668713
668744
668783
668823
668848
668886
668906
668912
668916
668935
669016
669081
669124
669174
669279
669409
669527
669579
669607
669706
669790
669852
669860
670017
670159
670381
670394
670432
670578
670761
670775
670817
670852
671039
671076
671132
671150
671184
671270
671329
671352
671459
671619
671661
671684
671695
671707
672003
672109
672112
672399
672404
672640
672666
672666
672825
672847
673078
673119
673269
673404
673405
673411
673434
673538
673675
673748
673861
673978
674148
674157
674183
674233
674251
674610
674804
674820
674850
674946
675003
675087
675090
675449
675454
675631
675755
675786
675931
675968
676013
676153
676168
676169
676268
676323
676340
676388
676524
676553
676653
676802
676904
677277
677303
677353
677413
677837
677841
677862
677967
678186
678284
678322
678401
678498
678741
678792
678808
678881
679009
679201
679210
679337
679457
679513
679588
679669
679773
679773
679829
679858
679864
679904
680185
680306
680375
680431
680802
680839
680840
680959
680993
681036
681140
681222
681666
681720
681755
681792
681797
681816
681836
681994
681996
682012
682241
682418
682826
682927
682936
683260
683277
683285
683291
683355
683427
683457
683495
683656
683723
684106
684195
684265
684323
684373
684416
684446
684518
684614
684616
684715
684727
684737
684740
684825
685061
685217
685295
685427
685497
685602
685714
685716
685791
685942
685949
686082
686129
686200
686208
686387
686494
686520
686545
686588
686729
686800
686856
686893
686945
687107
687181
687403
687409
687436
687643
687741
687784
687901
688103
688128
688226
688271
688307
688366
688452
688480
688484
688707
689069
689144
689474
689859
689982
690097
690102
690129
690145
690158
690195
690417
690500
690889
691109
691221
691413
691432
691433
691441
691534
691537
691709
691825
692038
692071
692094
692150
692761
692912
692963
692995
693123
693215
693560
693672
693789
693793
693796
693869
694001
694093
694104
694192
694247
694321
694406
694436
694524
695164
695176
695237
695400
695439
695513
695696
695863
695917
695972
695984
695993
696044
696055
696200
696389
696408
696706
696731
696988
697107
697135
697153
697202
697353
697382
697544
697656
697865
697867
697937
698061
698170
698170
698207
698227
698255
698284
698353
698464
698539
698551
698552
698728
698743
698753
698853
698928
698992
699249
699517
699620
699649
699652
699888
699894
699925
700303
700766
701055
701100
701129
701244
701264
701521
701566
701666
701702
701877
701896
701960
701989
702123
702218
702277
702318
702516
702548
702599
702764
702899
702911
703069
703110
703271
703321
703380
703488
703550
703636
703702
703804
703899
703948
704101
704183
704208
704287
704299
704352
704380
704393
704396
704502
704555
704690
704694
704922
704949
704958
704989
705074
705288
705326
705387
705450
705482
705577
705641
705701
705755
705798
705989
706102
706192
706287
706363
706393
706445
707010
707275
707474
707543
707554
707620
707644
707836
707878
707914
708053
708054
708119
708192
708685
708738
708811
708877
708900
708965
709133
709198
709264
709291
709603
709743
709777
709800
709806
709847
710120
710205
710346
710349
710386
710438
710624
710649
710793
710996
711051
711167
711184
711332
711371
711373
711397
711437
711441
711443
711482
711581
711598
711643
711697
711785
711844
711909
711929
711966
712142
712197
712236
712265
712356
712498
712997
713068
713206
713230
713232
713255
713314
713343
713549
713659
713708
713801
713814
713842
713876
713924
714029
714098
714510
714673
714691
714716
714752
714827
715266
715427
715450
715519
715707
715708
715871
715879
715885
716198
716346
716479
716579
716670
716994
717013
717132
717194
717287
717374
717423
717450
717538
717599
717709
717794
717967
718186
718207
718302
718588
718684
718688
718727
718903
718936
719001
719087
719171
719214
719272
719431
719681
719707
719782
719816
720055
720072
720085
720125
720179
720184
720461
720518
720622
720676
720708
720769
720799
720804
720941
720957
721133
721652
721696
721859
721859
721924
721940
721985
722021
722048
722083
722170
722338
722440
722525
722550
722824
723171
723221
723260
723297
723371
723469
723634
723749
723776
723802
723861
723927
723999
724072
724150
724314
724341
724403
724640
724797
724812
724867
724914
725255
725480
725507
725526
725528
725591
725972
726122
726204
726242
726359
726388
726613
726810
726826
726827
726917
726921
726957
727051
727116
727271
727338
727370
727677
727719
727724
727838
727894
728181
728198
728420
728461
728571
728621
728646
728737
728779
728877
728907
729107
729166
729258
729648
729675
729758
729769
729789
730045
730149
730175
730227
730298
730381
730417
730430
730557
730577
730582
730670
730681
730685
730690
730788
730801
730813
730959
730978
731022
731049
731130
731185
731190
731454
731509
731584
731692
731725
731876
732145
732169
732224
732240
732427
732497
732627
732645
732739
732812
732863
733099
733142
733214
733342
733346
733614
733645
733656
733671
733681
733703
733928
734249
734351
734715
734892
735274
735282
735433
735559
735566
735705
735747
735747
735766
735775
735780
735802
735890
735969
735971
736089
736124
736169
736201
736735
736778
736825
736879
736893
736903
736919
737001
737080
737116
737123
737241
737289
737390
737525
737627
737795
737847
737880
738024
738046
738400
738439
738538
738678
738713
738750
739029
739211
739422
739474
739500
739625
739659
739873
740014
740176
740291
740324
740346
740422
740504
740658
740670
740758
740770
740790
740821
740831
740917
741055
741055
741066
741178
741237
741244
741327
741327
741337
741368
741428
741660
741763
741786
741822
741822
741903
741999
742395
742504
742633
742808
743016
743245
743557
743653
743698
743741
743750
743867
743903
744188
744349
744464
744474
744503
744747
744761
744777
744843
744857
745122
745166
745348
745866
745886
745918
745955
746068
746122
746168
746309
746347
746510
746567
746594
746716
746863
746915
746962
747117
747210
747253
747291
747607
747830
747837
747911
747990
748095
748126
748411
748491
748594
748606
748731
748949
749261
749347
749361
749697
749778
749781
749848
749875
749921
749930
750150
750153
750180
750227
750248
750334
750678
750715
750721
750770
750943
751341
751343
751449
751513
751646
751647
751710
751786
751831
751918
751957
752056
752223
752313
752362
752367
752419
752421
752720
752749
752821
752939
753083
753275
753351
753418
753459
753490
753496
753555
753572
753669
753705
753975
754105
754203
754283
754291
754310
754470
754480
754661
754750
754882
754937
755042
755129
755369
755485
755603
755690
755766
755825
755914
756062
756095
756168
756236
756243
756360
756380
756438
756475
756505
756668
756716
756782
756792
756870
756972
757022
757026
757087
757132
757383
757430
757441
757574
757870
757929
757938
757939
757958
758004
758090
758145
758152
758253
758349
758351
758454
758482
758789
758834
758901
758967
758990
759188
759311
759403
759746
759757
759776
759811
759822
759822
759889
760007
760100
760104
760189
760563
760755
760850
760863
761051
761276
761322
761361
761513
761556
761646
761705
761803
761889
762003
762010
762462
762759
762888
762890
762957
762976
763051
763112
763121
763123
763170
763373
763485
763488
763494
763511
763779
763821
763891
764101
764271
764356
764428
764463
764623
764797
764918
764974
765054
765151
765169
765406
765418
765497
765505
765664
765672
765776
765794
766076
766459
766579
766592
766659
766711
766766
766939
767113
767222
767261
767389
767673
767742
767919
767926
767936
768070
768113
768125
768224
768237
768305
768422
768662
768764
769074
769155
769228
769354
769358
769529
769530
769584
769596
769713
769727
769781
769851
769869
769910
769930
769966
770024
770118
770211
770260
770333
770515
770515
770517
770540
770603
770852
771167
771180
771250
771285
771383
771392
771414
771494
771494
771669
771707
771924
771928
771994
772002
772054
772127
772146
772216
772392
772521
772522
772572
772659
772690
772697
772736
772753
772900
772971
772979
773118
773187
773240
773273
773410
773521
773553
773605
773679
773871
773898
774443
774534
774567
774909
775204
775230
775319
775321
775340
775429
775430
775740
775758
775922
776089
776328
776410
776426
776564
776670
776690
776832
776837
777103
777182
777191
777316
777360
777417
777729
777871
777880
777948
778045
778194
778236
778293
778336
778365
778383
778500
778526
778601
778604
778652
778791
778831
779021
779057
779070
779226
779276
779325
779508
779851
779861
779870
779876
779942
780159
780222
780265
780350
780378
780507
780529
780546
780886
780939
781120
781207
781299
781332
781420
781666
781691
781778
781933
782242
782260
782287
782414
782488
782648
782667
782820
782882
782975
783038
783277
783452
783645
783707
783765
783869
784096
784156
784172
784281
784282
784329
784404
784487
784766
784803
784960
784990
785269
785375
785554
785583
785706
785747
785857
785907
786025
786203
786298
786438
786449
786719
786876
786938
787089
787137
787224
787315
787390
787395
787556
787628
787653
787776
788144
788169
788276
788370
788514
788686
788703
788919
789004
789368
789408
789471
789503
789652
789763
789796
789880
789893
789920
789943
790084
790087
790196
790400
790587
790625
790626
790817
790878
791069
791218
791274
791275
791425
791523
791618
791688
791859
792161
792218
792318
792424
792454
792476
792949
793005
793030
793137
793235
793365
793544
793634
793655
793694
793717
793803
793901
793980
794179
794267
794557
794623
794627
794629
794696
794987
795084
795377
795463
795748
795805
795818
795847
795856
795866
796114
796430
796590
796643
796661
796691
796931
797051
797103
797204
797422
797449
797602
797891
798040
798050
798125
798512
798525
798625
798659
798720
798745
798806
798823
799361
799415
799464
799503
799687
799827
800079
800167
800248
800251
800353
800362
800415
800532
800704
800811
800890
801007
801323
801412
801572
801609
801685
801834
802017
802127
802405
802437
802482
802491
802514
802678
802683
802858
802872
802898
802956
802964
802980
803060
803146
803254
803301
803336
803425
803473
803721
803740
803767
804102
804400
804530
804670
804765
804770
804883
805046
805101
805238
805854
805958
806000
806067
806184
806186
806256
806492
806669
806744
806798
806923
806977
807098
807106
807147
807202
807367
807761
807847
807862
807867
807917
808005
808048
808193
808371
808385
808694
808801
808821
808835
809001
809012
809412
809433
809586
809775
809820
809893
810007
810241
810274
810302
810604
810697
810761
810906
811377
811391
811467
811495
811525
811632
811641
811846
812163
812342
812386
812530
812644
812709
812789
813375
813501
813561
813614
813892
813946
814064
814143
814249
814312
814343
814358
814603
814613
814620
814847
814959
814972
815080
815105
815158
815232
815402
815517
815802
816183
816635
816750
816783
816963
816965
817032
817169
817233
817345
817394
817640
817666
817704
817929
818056
818073
818203
818240
818250
818251
818261
818291
818350
818352
818367
818454
818608
818670
818816
818938
818938
819157
819183
819212
819334
819373
819564
819633
819941
820049
820067
820112
820355
820500
820517
820526
820564
820680
820704
820772
820822
820832
820949
821133
821143
821190
821287
821458
821477
821582
821607
821685
821825
821903
821912
822036
822055
822105
822114
822256
822363
822451
822556
822674
822685
822841
822893
823028
823034
823094
823404
823452
823516
823610
823769
823788
823853
823855
824057
824158
824190
824235
824442
824472
824481
824582
824641
824677
824697
824946
825056
825114
825166
825279
825304
825307
825345
825394
825396
825419
825423
825445
825448
825451
825456
825509
825576
825690
825749
825754
825897
825965
826062
826153
826283
826320
826416
826600
826705
826739
826740
826762
826795
826890
826943
827023
827169
827188
827651
827849
828191
828329
828373
828401
828636
828663
828737
828764
828794
828911
829010
829138
829391
829439
829508
829676
829768
829781
829865
829896
830137
830353
830613
830614
830633
830756
831132
831140
831225
831255
831417
831466
831804
831834
831936
832100
832414
832505
832540
832664
832773
832830
832982
832994
833028
833119
833174
833179
833374
833429
833465
833480
833510
833624
833730
833731
833734
833788
833876
833898
834039
834366
834839
834849
834875
834882
834892
834962
835104
835669
835877
835949
836030
836093
836243
836286
836569
836628
836676
836709
836831
836988
837049
837138
837179
837230
837592
837631
837686
837789
837845
837992
838000
838083
838211
838212
838389
838443
838498
838679
838749
838985
839027
839043
839254
839357
839361
839471
839810
839813
840018
840149
840324
840473
840713
840726
840953
841245
841436
841676
841981
842076
842158
842221
842286
842414
842620
842655
842870
842951
842970
843254
843280
843538
843728
843803
843863
843910
843928
844248
844395
844446
844572
844740
844841
844866
844963
845046
845224
845256
845483
845606
845646
845672
845852
845988
846008
846023
846036
846379
846580
846806
846989
847089
847095
847362
847429
847444
847458
847504
847649
847693
847707
848184
848208
848324
848334
848431
848528
848687
848709
848788
848809
849466
849562
849663
849670
849767
849782
849819
849832
850015
850052
850202
850241
850425
850599
850602
850665
850872
851165
851245
851280
851300
851348
851498
851517
851680
851680
851752
851758
851814
852052
852101
852125
852150
852164
852228
852238
852276
852311
852371
852436
852512
852579
852583
852718
853016
853030
853033
853057
853125
853134
853141
853169
853561
853626
853705
853755
853757
853784
853828
853855
853988
854035
854166
854199
854341
854407
854517
854520
854710
855029
855033
855034
855437
855528
855586
855714
855813
856142
856149
856344
856615
856735
856743
856942
856969
856991
857076
857226
857265
857366
857564
857608
857737
857989
858025
858207
858470
858545
858677
858734
858744
858745
858898
859362
859379
859613
859720
859872
859883
859896
859976
860030
860070
860124
860169
860348
860382
860880
860902
861392
861533
861613
861659
861668
861685
861776
861931
862172
862233
862237
862789
862813
862858
863093
863144
863232
863321
863382
863926
864064
864189
864300
864660
864741
865015
865091
865213
865243
865360
865530
865547
865573
865609
865633
865636
865641
865960
866452
866627
866772
866792
866928
867080
867131
867292
867352
867356
867401
867499
867811
867996
868005
868144
868241
868270
868326
868332
868405
868435
868539
868684
868702
868841
868963
869093
869128
869312
869468
869548
869551
869590
869688
869855
869972
869999
870106
870212
870222
870229
870298
870425
870548
870949
870990
871069
871451
871506
871638
871696
871699
871747
871809
871849
872342
872520
872579
872594
872668
872792
872815
872851
872960
872986
873172
873181
873262
873416
873541
873620
873695
873698
873704
873728
873734
873791
873928
873979
874082
874318
874342
874562
874671
874877
874922
875123
875182
875210
875241
875406
875474
875485
875543
875578
875918
875940
876085
876088
876267
876517
876872
876998
877357
877645
877822
877852
877910
877928
877971
877983
877984
878019
878024
878045
878449
878464
878536
878716
878762
878777
878902
878943
879016
879195
879301
879307
879373
879580
879797
879811
879867
879919
879924
879962
880230
880294
880370
880601
880696
880769
880776
880819
880852
880927
880941
881377
881397
881433
881481
881607
881619
881658
881856
881996
882011
882149
882273
882445
882631
882651
882725
882743
882793
882839
882963
883024
883037
883288
883420
883473
883604
883631
883685
883695
883741
883756
883919
884049
884501
884798
884816
884838
884922
884956
885300
885395
885429
885486
885488
885647
885647
885742
885753
885912
885938
886029
886063
886134
886478
886496
886650
886719
886908
887207
887425
887470
887503
887803
887905
887930
888150
888594
888794
888992
889246
889368
889409
889537
889596
889615
889704
889717
889790
889911
889941
890065
890296
890337
890338
890470
890475
890906
891015
891177
891299
891303
891557
891681
891704
891739
891820
891830
891888
891916
892026
892033
892274
892279
892368
892382
892403
892424
892734
892842
892882
892941
892963
893184
893248
893267
893315
893342
893562
893652
893741
893853
893977
894425
894456
894922
895200
895282
895327
895446
895449
895475
895549
895573
895873
895929
895989
896008
896012
896056
896154
896243
896338
896374
896409
896429
896506
896666
896889
896963
897110
897515
897610
897612
897630
897638
897847
897989
898009
898050
898275
898305
898406
898420
898571
898601
898952
899077
899343
899359
899510
899523
899569
899636
899667
899820
900009
900059
900190
900258
900552
900608
900747
900768
900970
901006
901091
901132
901167
901280
901402
901550
901708
901733
901786
901868
901969
902140
902243
902303
902368
902460
902576
902719
902991
903024
903188
903231
903231
903353
903403
903592
903734
903802
903808
904023
904189
904315
904318
904381
904441
904491
904501
904529
904530
904576
904606
904614
904618
904783
904815
905000
905161
905401
905440
905535
905542
905823
906240
906352
906362
906589
906596
906777
906916
906918
906919
907006
907120
907455
907468
907636
907682
907733
907739
907795
908020
908058
908151
908282
908348
908396
908864
908874
908946
908996
909045
909167
909173
909221
909223
909278
909362
909491
909527
909704
909739
909789
909804
909920
910246
910250
910267
910281
910354
910380
910391
910413
910444
910592
910730
910867
911114
911300
911324
911392
911674
911874
911902
911905
911957
912319
912539
912592
912650
912653
912721
912789
912906
912980
913058
913134
913187
913199
913255
913263
913386
913490
913493
913664
913670
913805
913911
914007
914245
914334
914377
914512
914560
914626
914816
914900
914956
915112
915180
915213
915215
915407
915740
915900
915997
916206
916351
916423
916618
916829
916933
917065
917097
917237
917367
917413
917441
917560
917581
917601
917673
917898
917919
918165
918407
918426
918565
918776
918800
919096
919137
919252
919489
919599
919685
919781
919977
920233
920424
920527
920631
920722
920809
920836
920949
921046
921117
921403
921414
921693
921794
921794
921797
921826
921848
921984
922109
922149
922185
922214
922329
922580
922613
922781
922865
922894
923171
923587
923748
923760
923927
924053
924150
924192
924255
924414
924451
924700
924722
924738
924754
924871
924918
924983
925315
925356
925365
925440
925680
925682
925897
925907
926049
926055
926154
926371
926521
926522
926839
926850
926950
927070
927240
927249
927365
927442
927461
927715
927752
927811
927937
928031
928043
928069
928135
928379
928387
928501
928578
928858
928865
928935
928971
928991
929056
929256
929335
929381
929535
929695
929739
929744
929774
929820
929870
929993
930056
930175
930349
930405
930509
930565
930737
930865
930976
931001
931486
931502
931567
931593
931727
931773
931791
931799
931860
931940
932006
932009
932192
932260
932287
932341
932456
932464
932495
932555
932613
932624
932973
933043
933079
933139
933226
933285
933330
933456
933460
933504
933677
933693
933807
933813
933845
933936
934022
934099
934120
934137
934348
934447
934466
934584
934617
934667
934909
934936
935052
935085
935336
935552
935584
935653
935737
935894
936068
936205
936393
936451
936499
936654
936663
936702
936738
936786
936797
936812
936828
936944
936980
937069
937151
937625
937634
937694
937716
937919
937947
938134
938231
938394
938418
938429
938713
938728
938774
938825
938840
939075
939378
939515
939541
939549
939732
939918
939967
940009
940012
940130
940169
940373
940459
940597
940619
940622
940724
940882
940974
941240
941305
941408
941673
941695
941788
941842
941852
942080
942082
942135
942376
942474
942677
942725
942855
942947
942960
942962
943024
943029
943038
943039
943140
943166
943273
943288
943323
943478
943566
943579
943617
943719
943973
944010
944210
944666
944696
944729
944744
944829
944954
945081
945091
945409
945583
945834
945895
945970
946136
946188
946739
946753
946771
946777
946840
946857
946889
947045
947260
947389
947547
947716
948350
948355
948692
948716
949173
949195
949321
949458
949470
949538
949620
949844
949881
950029
950036
950092
950309
950344
950346
951057
951484
951537
951624
951812
951858
951871
952036
952082
952097
952237
952274
952319
952354
952355
952410
952449
952575
952577
952791
952922
953125
953232
953611
953679
953704
953782
953792
953971
954073
954180
954349
954576
954578
954600
954614
954953
955098
955115
955233
955471
955767
956013
956083
956089
956106
956227
956243
956350
956448
956523
956683
956695
956761
956844
956882
956992
957129
957256
957297
957380
957461
957788
957803
957931
957994
958026
958116
958290
958290
958397
958471
958475
958904
959113
959300
959380
959448
959481
959553
959571
959642
959736
959802
960005
960110
960196
960201
960291
960401
960460
960474
960597
960628
960712
960741
961041
961723
961787
961788
961816
961905
961995
962168
962173
962182
962245
962388
962464
962584
962599
962652
962916
962993
963010
963054
963076
963081
963093
963120
963600
963626
963673
963939
964012
964039
964130
964236
964257
964537
964584
964722
964920
964929
965109
965137
965173
965271
965305
965418
965461
965469
965473
965561
965570
965608
965772
965900
966004
966041
966044
966054
966159
966445
966564
966763
966867
966935
967146
967168
967230
967510
967565
967728
968033
968136
968203
968238
968259
968465
968844
969102
969263
969517
969566
969617
969629
969740
969857
969928
969938
970003
970004
970111
970173
970223
970234
970298
970381
970393
970429
970440
970483
970543
970572
970585
970732
970838
971244
971254
971370
971470
971499
971526
971675
971852
971876
971919
971991
972212
972258
972319
972359
972385
972417
972658
972904
972909
972957
973031
973193
973275
973426
973442
973475
973675
973691
973914
973968
974154
974211
974274
974286
974332
974352
974473
974564
974651
974689
974712
974719
974734
974822
974862
974924
974936
975000
975075
975256
975628
975905
975990
976148
976186
976198
976484
976518
976823
976835
976914
977126
977155
977247
977297
977420
977506
977525
977919
977951
978069
978167
978189
978289
978378
978476
978500
978686
978746
978841
978895
978927
979035
979132
979294
979416
979484
979864
980040
980117
980297
980393
980471
980598
980638
980675
981011
981036
981095
981162
981274
981275
981445
981515
981666
981792
981963
982168
982262
982653
983032
983287
983485
983599
983620
983625
983788
983838
983908
983950
984100
984196
984364
984704
984706
984823
984847
984859
984907
985203
985232
985326
985352
985355
985409
985421
985469
985581
985628
985762
985770
985929
986041
986073
986168
986459
986608
986693
986778
987135
987182
987208
987315
987415
987438
987535
987546
987556
987589
987790
987890
987910
987932
987956
988045
988123
988165
988200
988209
988524
988525
988584
988629
988721
988838
988876
988984
989077
989146
989359
989600
989626
989639
989641
989734
989782
989943
989961
989964
990062
990085
990123
990225
990345
990348
990363
990417
990558
991014
991086
991140
991169
991260
991265
991319
991324
991445
991477
991501
992328
992357
992417
992672
992925
992955
992981
992991
993153
993245
993413
993454
993577
993623
993640
993861
993888
993924
993977
994402
994532
994756
994800
994948
995006
995018
995040
995065
995136
995172
995178
995250
995274
995406
995497
995544
995694
995935
996472
996587
996640
996652
996719
996829
996942
996968
997000
997000
997246
997257
997350
997365
997529
997616
997727
997812
997848
997918
998037
998087
998159
998171
998181
998196
998778
998788
998796
998824
998883
998886
998928
999075
999139
999155
999166
999385
999496
999538
999701
999752
999872
999888
999942
