1000
3899
4042
4298
7645
9285
10229
11137
11345
11582
12380
13343
13622
14018
14216
16099
17073
19365
20678
20864
24733
25131
26869
27905
28117
30872
32265
32400
32490
32585
32960
33486
34215
34662
34716
34963
36615
36834
38127
39392
39749
40784
41452
43845
45756
45807
46765
47069
49484
49921
50498
52411
53212
53580
53796
54220
55260
55794
56074
56813
57146
57442
58627
58817
58817
59804
60277
60883
61493
62140
66307
67001
67005
67311
67395
71737
72640
72834
72910
73656
74178
75131
76774
77395
78087
78941
80013
81090
81415
81486
81496
83311
84224
84569
85551
86480
88776
89109
89513
89727
89800
89985
90225
90718
91354
91822
94635
95626
95656
95729
98307
100666
101603
102044
102738
103847
105378
105659
107800
110370
111035
111230
112481
112500
112737
112774
113000
113519
113666
117410
117706
117726
117928
118256
118597
119914
121643
123295
123719
125892
129622
129873
130599
130974
132187
134839
135550
136030
136801
136872
136877
138543
138742
139049
139945
140126
140222
140541
140701
141096
141159
141294
141461
142216
142438
143289
143622
145530
146612
146682
149223
149383
149911
151533
151782
152335
153912
155745
156971
157737
158192
160018
161483
161546
161664
163909
164142
164540
166162
166357
166396
166562
167245
168262
169972
170500
172242
173086
173234
174513
176157
176305
176437
176881
178308
179031
179632
180640
184229
184789
185635
189887
192128
193546
193996
194235
195111
196892
197458
198661
199038
199446
200243
200599
201132
201417
202615
202862
205077
208614
209672
209899
210219
210644
211296
211307
212269
213824
213903
214357
215107
215792
216860
217095
217472
217814
218030
218708
220845
220951
221044
221884
224510
226681
227214
228123
228178
228693
229011
229488
230634
233116
233813
233948
234048
234989
236044
237241
238160
240139
240721
241433
241717
245929
246588
246929
247573
247633
248230
248669
249218
250927
254623
255237
255466
261324
261704
262785
265615
266159
266413
266827
268242
269509
275090
275428
276045
276077
277918
279310
280857
281854
281987
282037
282277
282278
282501
283491
287633
287810
288122
288918
289500
289601
290667
292180
293174
294628
295157
295735
296139
297475
299194
300492
301031
301307
302312
302915
303020
305948
306157
307036
308896
309174
311752
311905
312941
313182
313361
314020
314072
315070
315191
318941
320177
321174
322230
323312
324074
324186
325192
325541
326842
328389
329611
329972
330376
330551
330908
331575
332490
332749
332862
333370
333910
334143
334415
336886
338628
338639
339000
339714
340310
340740
341835
341858
341988
342109
342782
343400
345246
346355
347935
348081
348273
353702
353882
354253
354383
354867
355290
356333
358282
359008
359603
363473
363522
364672
366574
367694
368247
368840
369255
369893
370158
370613
370648
370708
371724
372807
372855
373064
375352
375474
376392
380546
381635
382471
383731
384037
384730
385261
386118
386318
386555
386583
386587
386620
390553
391202
394850
395196
396117
396779
397534
399538
399799
403258
403378
403391
403436
403915
404591
407047
407213
407387
407857
408267
409957
411810
412696
413260
413917
418655
419800
419989
420502
421436
422357
422499
422508
422994
424412
424753
425726
426528
427838
427930
428150
428160
428549
430002
430158
431296
431563
432452
432947
434295
434487
437129
438152
438469
438781
439251
439445
440038
440402
441988
442059
442403
443373
443966
444510
445290
446096
446839
448324
448911
453381
453535
457827
458428
458491
459793
460587
464132
464575
465108
465956
466031
466195
471076
471710
472282
473856
474148
475468
475991
476587
477123
477527
477990
479693
479803
481856
484577
484720
485778
485856
486410
487145
487695
488026
489603
491876
495041
495342
495976
496970
499548
501051
501390
504105
504237
504849
505368
505983
506447
507550
509883
511683
513351
514202
514517
517001
517636
518705
519300
519890
520879
523208
523852
524302
525262
525730
527982
528346
528350
532384
533092
533394
534529
535528
535817
536186
536329
536459
538343
538634
538685
538709
539086
540721
541623
542541
544417
545331
547899
548316
550623
550666
551152
551988
552284
555186
555761
557240
558014
559219
560118
560863
561438
564577
564713
567724
567814
568086
568960
570728
571031
572829
573459
574293
575193
578829
580488
580655
581354
581940
584058
584075
584892
585171
585354
585378
586031
587882
589628
590276
590749
591520
593666
594535
595086
595593
595677
595955
596508
598049
598360
602113
602554
602824
603901
605055
606143
609073
609877
610865
612069
612338
614804
615552
620606
621642
622219
624306
625236
627728
628910
630391
631106
634746
636043
636411
639892
642988
646689
648003
648245
652839
653036
654410
657377
658015
658622
661559
661836
662930
663153
663515
665021
665391
666764
669159
669939
673692
673759
674182
675162
676239
677089
677379
680884
680938
681840
682176
683998
684324
684667
686460
686792
687894
690839
690909
691017
692008
693445
694074
694164
694236
694436
694866
695357
697103
697110
699770
700089
700620
701812
702792
703145
704038
705309
705962
708257
708722
708731
709566
709778
710889
711015
712743
712951
713000
714725
715941
716307
718076
718256
719570
719845
723394
726928
728062
728080
729410
730273
730852
732360
732478
732993
733049
733525
734247
737114
738501
738555
738887
739918
739999
741502
742500
743327
744851
745801
746013
746878
749791
749930
751704
751812
752277
752993
753677
754785
756932
757280
760076
761011
761018
763287
763514
763563
764548
765136
766549
766907
767790
768176
768217
768990
770937
771046
772961
773066
773613
775918
778416
780411
781096
781533
784399
788697
789212
790220
791295
792199
792478
794677
794683
795248
795350
795543
796039
796204
796412
796525
798022
799317
799653
799716
800021
801480
802266
802608
802869
802915
803502
805435
806641
809132
809958
810400
810615
812253
812458
812622
812735
812795
813330
816442
816745
818027
818232
819703
819989
820299
822027
823500
824958
825217
825989
826067
826612
828750
830703
831045
831124
832101
832111
833333
835444
837856
838059
840083
840635
841169
841283
841991
843204
847164
847251
847497
850192
850255
852652
855173
857369
857413
857489
859734
859984
863232
863292
868900
871477
872595
873562
873877
875042
879475
880137
880192
885312
885603
887092
887598
888541
888759
889051
889266
893988
896244
896364
896626
896941
897001
897374
897757
898171
899752
901831
902556
906740
907336
907963
908059
909192
910405
910951
911514
912808
913521
914450
916720
917055
920162
921153
925086
925535
926809
927011
927507
927930
928105
928726
931118
931554
931573
932162
932485
932555
933085
937980
939581
940178
940742
940873
949666
950478
950561
951435
952852
953648
954069
956671
958484
958933
960938
961337
962101
962944
963366
963655
964309
965645
966200
967731
970956
973532
974001
976359
977110
979092
979784
980759
980893
980996
981771
983420
983639
984093
984379
985393
987079
987101
987402
988877
989373
989481
990251
990411
993001
993968
996441
998768
999704
999761
999805
999910
